Species	-	Copia	Gypsy	Harbinger	Helitron	L1	MSAT	MuDR	RTE	SAT	SINE2/tRNA	hAT	unclassified
4_Transposome/JG_CO_011_L	0.000152185869111534	0.00308834829874645	0.0160268284801924	0.000784910584492026	0.000312587396739763	0.000405789028747457	2.52075342147019e-05	0.000496607536085351	4.34692953166949e-05	0.000166633760584645	7.35912995447343e-05	0.000484831371009804	0.00184531213843842
4_Transposome/JG_CO_011_M	0.00020264760634779	0.00166468130265513	0.00650050994072593	0.000863702869737623	0.000296613380903119	0.000440540054377815	2.66137240057504e-05	0.000538721303799959	4.74914423827293e-05	0.000170324037126598	7.8618509576185e-05	0.000368034118129748	0.0016269531546264
4_Transposome/JG_CO_011_P	0.000230035002343027	0.00228800923967687	0.00495578323679756	0.000791368561774929	0.000359608218547943	0.000356419005091136	2.36948865977026e-05	0.000546153306636026	4.87915025549435e-05	0.000177320064912731	7.49628672671054e-05	0.000357100404058774	0.00174801703864893
4_Transposome/JG_CO_028_C	0.00029162977364854	0.00297285140062751	0.0114225119868777	0.000977661932796245	0.000443375784380664	0.000466595303238458	2.77116933716776e-05	0.000463466270294149	5.44674427524795e-05	0.00021557377187546	8.82674883199083e-05	0.000457504335403101	0.0018742915379584
4_Transposome/JG_CO_028_F	0.000264884758228218	0.00204712181023109	0.00572704464501386	0.000871065502371932	0.000280064961169423	0.000389377790822326	2.51348797832425e-05	0.000455827127805779	5.63736076350742e-05	0.000160715123547856	7.20231429067632e-05	0.000354310329911305	0.00173025743936874
4_Transposome/JG_CO_045_A	0.000215951848153251	0.00213706038804954	0.0144455179129974	0.000792428539391818	0.000291341470555271	0.000409140879726728	2.50448161606284e-05	0.000563450282861409	5.38814768312302e-05	0.000161128476931271	7.4358812138267e-05	0.000416510074243724	0.00171963302956405
4_Transposome/JG_CO_045_C	0.000169074230546732	0.00584270904847834	0.0277350395017411	0.00151484295237963	0.000276676894643657	0.00042073375806192	3.26752454578022e-05	0.000525652168022698	5.60554798125579e-05	0.000153236785804203	6.42702504828936e-05	0.000530220995561631	0.00296565179226101
4_Transposome/JG_CO_045_D	0.000179436860455429	0.00205411749312162	0.010795410498488	0.000806945505176345	0.000379586296019444	0.00048585021758959	3.28459886779684e-05	0.000430765643151319	5.01603422954552e-05	0.00019078950830261	5.37471296289666e-05	0.000457926965889102	0.00168023764730041
4_Transposome/JG_CO_045_E	0.000177417717151068	0.00274044384029934	0.00595191325103288	0.000825571186592186	0.000309144943667409	0.000448301551354529	4.07463938403951e-05	0.000455356866884576	5.28220075376226e-05	0.000235067702220779	7.69899285856862e-05	0.000429655514299476	0.001677770200104
4_Transposome/JG_CO_045_F	0.000200189018692259	0.00267599068244108	0.00959049737330281	0.000805180624100871	0.000352446116675391	0.000460322797329609	4.28556896219202e-05	0.000459466553068573	5.39597225742905e-05	0.000215930863643599	6.13356897724775e-05	0.000417657286967457	0.00169010125925932
4_Transposome/JG_CO_045_G	0.00020308402072879	0.00315931724825799	0.0141452733595582	0.000942990265340033	0.000283432436823719	0.000480763315264604	2.96418216836529e-05	0.000446733223489668	4.30272914074492e-05	0.000201231944374277	6.22215059985583e-05	0.000425974875856198	0.00146373169439494
4_Transposome/JG_CO_045_H	0.000267311566721104	0.00450899016926354	0.0235662461064022	0.00113552548068303	0.000425126521068351	0.000429590885760247	4.31800826238551e-05	0.000532676800351573	3.95743226820675e-05	0.000173978508040596	5.79633554141838e-05	0.000412401146812435	0.00208388649647629
4_Transposome/JG_CO_045_I	0.00016477176918589	0.00213818775888755	0.00815791952819202	0.000653020293956791	0.000275811583175951	0.000362893015711962	3.54789357675744e-05	0.00053903329898136	5.51576247098629e-05	0.000169638890560034	6.26414907916475e-05	0.000399209944038956	0.00176556809474642
4_Transposome/JG_CO_045_J	0.000197043395013087	0.0035559344035646	0.0143710919864686	0.000842350496214617	0.000257323241524389	0.000350171568010352	3.91173664078439e-05	0.000421966404028747	5.29962258919591e-05	0.000185175133769831	6.0306617868124e-05	0.000443286699790776	0.00184203825191602
4_Transposome/JG_CO_045_K	0.00018568628696754	0.00300090199191617	0.0152766159400366	0.000744783068006703	0.000279231871153444	0.000467758538690289	3.26011656539669e-05	0.000365204417374864	6.20976569426719e-05	0.000219161651342213	8.05633501220054e-05	0.000403055029272803	0.00182696895882322
4_Transposome/JG_CO_045_L	0.0002034024526333	0.00219850837460806	0.00609773226575272	0.000809544653621824	0.000327334760741894	0.000332881361168716	2.86601087199065e-05	0.000458019804217814	4.37854691927014e-05	0.000158582618953399	7.14951028944957e-05	0.000430377924571837	0.00190250525121831
4_Transposome/JG_CO_049_A	0.000238477107899973	0.00174301023935621	0.00565170626623386	0.000681111506673413	0.000270541939107174	0.000372704836900358	2.45567152571133e-05	0.000460469763844626	4.30601336246138e-05	0.000177212429944172	5.9738152938108e-05	0.000400191603512723	0.00150357987962903
4_Transposome/JG_CO_049_B	0.000232810100460801	0.00219812312417882	0.00494607260957213	0.000923916130558085	0.000375571893700603	0.00044106665554298	2.77016625928305e-05	0.000539395072686502	5.2939205287386e-05	0.00021732896816406	7.63439652945824e-05	0.000554772906084686	0.00204639027676878
4_Transposome/JG_CO_049_C	0.000229458163600581	0.00208504056173229	0.0055909317172262	0.000822539759707402	0.000301708181768785	0.000406958874270208	2.31119784325697e-05	0.000475174775133274	4.79834874023095e-05	0.000232407680366122	8.270251527325e-05	0.000411991593442679	0.00178977816027706
4_Transposome/JG_CO_054_A	0.000281724097340539	0.00247217437122802	0.00509606092368683	0.000780774528669779	0.000333289503643011	0.000461206760761569	2.90020492585393e-05	0.000569155848339961	5.45388240655457e-05	0.000254169608909304	7.9757215971032e-05	0.000501245201759803	0.00167069036493803
4_Transposome/JG_CO_054_B	0.000274958370553472	0.00214571055207296	0.00533686113786261	0.00068380177628626	0.000365714444320004	0.000519690579679504	4.07607713739475e-05	0.000675824051837966	7.34735791767301e-05	0.000256696876193301	6.9270356803307e-05	0.000475543168493422	0.0016637076407731
4_Transposome/JG_CO_054_C	0.000229893845536321	0.00259039907560955	0.00580699318296308	0.000819084995361497	0.000415108296666304	0.000466799827379498	2.96377946789026e-05	0.00049902882407658	3.88862329354117e-05	0.000172668994279814	7.98964907536227e-05	0.000550224272229537	0.00182269670747671
4_Transposome/JG_CO_054_D	0.000223318412352836	0.00232718980642836	0.00615735614898419	0.000895701406403038	0.000406447245657618	0.000639691095251774	2.52982140108649e-05	0.000634446297558375	5.62778159067975e-05	0.000302394108139713	8.2664725498533e-05	0.000564181013309517	0.00166113663123058
4_Transposome/JG_CO_054_E	0.00017831417451628	0.00223248885827456	0.00443616429299192	0.000726103428883293	0.000335208302886013	0.000448031499954911	3.17721581876218e-05	0.000532196849365756	7.2589142041268e-05	0.000201785624687741	8.60970791436803e-05	0.000461789808871865	0.00194527259072487
4_Transposome/JG_CO_054_F	0.000340794747604755	0.00337649387163314	0.00427578991945231	0.00120289064158221	0.000532408625453547	0.000742643220698374	1.61517882860873e-05	0.000887286759081994	7.37803179095512e-05	0.000282299492661459	0.000106766806629605	0.000799503897491551	0.00262438931526631
4_Transposome/JG_CO_054_G	0.000229450149468261	0.00310662815727246	0.00729492048900546	0.00084333187569499	0.00034568988443017	0.000549186696089575	2.87792194116861e-05	0.000577618835424645	6.5747496277974e-05	0.00017829901757268	8.43709983707275e-05	0.000551406958584536	0.00206110318229877
4_Transposome/JG_CO_054_H	0.000279472402302516	0.00258173959699167	0.00573977956772352	0.000706334090527235	0.000374502635806247	0.00043653578592609	2.94109139672014e-05	0.000422229003205256	6.02204882378379e-05	0.000210047927337175	7.44456548998962e-05	0.000495809721956579	0.00134202231511701
4_Transposome/JG_CO_054_I	0.000201806389855888	0.00283981169711049	0.0110436381852504	0.000882338777119586	0.000344710301570737	0.000449519863247538	3.50948576754208e-05	0.000471514203804429	5.11956320252758e-05	0.000200698640635401	7.28902117921909e-05	0.00047683630385317	0.00225784564268606
4_Transposome/JG_CO_054_J	0.000203416920119212	0.00274540836374392	0.00896826436100218	0.000734135926679904	0.000357853815978281	0.000466735462181132	3.53453467639596e-05	0.000530617080745922	4.60140595222735e-05	0.000205293891849771	7.0812050932146e-05	0.000652749595822592	0.00198310748286083
4_Transposome/JG_CO_054_K	0.000267129060242582	0.00197657509194036	0.00583650826253523	0.00081482195107249	0.000341624828943645	0.000461703586510437	3.1566413841319e-05	0.00060917994513066	5.5321879569764e-05	0.000220665635608362	7.6204469659159e-05	0.000445286404902013	0.00185309436335826
4_Transposome/JG_CO_055_A	0.000255291893653584	0.00207650798765754	0.00493063015062061	0.000677530402475321	0.000373190850312956	0.000411442742284721	3.07697183103657e-05	0.000458228970703135	4.9144895295144e-05	0.000225789196483223	7.80006040297015e-05	0.000404594076498529	0.00212612235392889
4_Transposome/JG_CO_055_B	0.000228239653098881	0.00231535788423688	0.00419595639876755	0.000718300829752148	0.000363013215527535	0.000447227767926678	2.95907650379066e-05	0.000582984252696901	5.31849554912213e-05	0.000237657810489489	6.84331189450787e-05	0.000410288381589818	0.00149938706379646
4_Transposome/JG_CO_055_C	0.000470686082493701	0.00223011332839423	0.0039581338757347	0.00121445195431984	0.000384320452921451	0.000709931578494317	2.80440922015044e-05	0.000712860680372812	7.54728438091337e-05	0.000265439308369736	8.02784022215923e-05	0.000541424734042315	0.00209428206979162
4_Transposome/JG_CO_055_D	0.00026161379682917	0.0029229087959006	0.00435533685150957	0.000694952357318793	0.000400771327069424	0.000491357357799276	3.09302371973731e-05	0.000661860624850005	5.42915291398745e-05	0.000257361509545289	7.41546508654599e-05	0.000621872553621831	0.00116034118485749
4_Transposome/JG_CO_055_E	0.000277124283379175	0.00223412059394436	0.00419995879635534	0.000775779309493229	0.000326710464422214	0.000433000150353955	2.69388303983604e-05	0.000638877026617571	5.22144343963716e-05	0.000240354538672818	5.85813260935636e-05	0.000363164772337684	0.00149887559889015
4_Transposome/JG_CO_055_F	0.00024530673761719	0.00202397366680442	0.00519227480967654	0.000850433136577902	0.000329676260752729	0.00041959327722048	3.13925400531854e-05	0.000485396918012789	5.86019242692319e-05	0.00023032733277175	7.17912774184386e-05	0.000427915725491953	0.00154805782595861
4_Transposome/JG_CO_055_G	0.000216526698266951	0.00313200585952179	0.0102999786262786	0.00140515016965495	0.000367701918092506	0.000685697115795859	2.69975583051714e-05	0.000652746588470493	4.47796383067731e-05	0.000157467880485135	7.61241009062426e-05	0.000423769838245727	0.00181907975524466
4_Transposome/JG_CO_055_H	0.000281194728315104	0.00348538980730938	0.012768609111667	0.000695070559781452	0.000331503922120868	0.000470137200950215	2.53254594021677e-05	0.000708497538059102	5.58743813912116e-05	0.000200516714623461	7.00894419246894e-05	0.000485467571546624	0.00161467362252419
4_Transposome/JG_CO_055_I	0.000212091578508187	0.0023782643878622	0.00644502821073764	0.000629984910928866	0.000347743841497028	0.000432440320845421	2.87061586264392e-05	0.000449420742631837	4.60187488803287e-05	0.000227295262550998	6.18982613155279e-05	0.00041616474250391	0.00152506997337492
4_Transposome/JG_CO_055_K	0.000216920555476802	0.00193055084723595	0.00480054531581244	0.000737354574182267	0.000335042597590872	0.000506520390698277	2.57660921495114e-05	0.000475342776178392	4.57609105528332e-05	0.000226560023668341	9.2393278848238e-05	0.000461847177798938	0.00154198953113631
4_Transposome/JG_CO_059_A	0.000200413570476536	0.00238295644609387	0.0125665438361763	0.00104125856662967	0.00025500183328254	0.000392554218551462	2.62518896741957e-05	0.000458686959124772	4.53409894947483e-05	0.000270771260575013	7.02293770550242e-05	0.000353172565322354	0.00184697725151011
4_Transposome/JG_CO_059_B	0.000266670234221904	0.00327089090632307	0.0110122215418661	0.000828497955440395	0.00029734052499287	0.00047116194873391	3.39381260692913e-05	0.000512262121294773	5.25581686222442e-05	0.00023899369473561	7.57241961021696e-05	0.000416457989208851	0.00187378110549578
4_Transposome/JG_CO_059_C	0.000230165422848626	0.00187686997099619	0.00386133194598201	0.000814494242476424	0.000350355915454463	0.000475852030313533	3.70996675582789e-05	0.000578016483703046	5.17055790770944e-05	0.000279210864049527	7.81266774242623e-05	0.000576528477855798	0.00200788945820865
4_Transposome/JG_CO_059_D	0.000222718343365441	0.0027136582773731	0.0057316049994456	0.00093641690585621	0.000425376576596751	0.000403588282224604	3.96827369977436e-05	0.000519674913549503	5.68209944215466e-05	0.000220104420898767	7.80548247954281e-05	0.000487875768818385	0.00202016378013181
4_Transposome/JG_CO_059_E	0.000259461138018096	0.00582755909693881	0.0259164348487601	0.00117687055006306	0.000269212521824444	0.000691432045983741	2.97588027304557e-05	0.000559189097234626	5.31334848195539e-05	0.000202869225973876	8.52021512074272e-05	0.000511443808374796	0.00251575425981015
4_Transposome/JG_CO_059_F	0.000269585427798776	0.00187136208295374	0.00492095729809163	0.000745467724058368	0.000252391831813743	0.000414508576765371	2.6908624844323e-05	0.000498994775133318	4.98286402489067e-05	0.000259440162774303	7.54785970140062e-05	0.000457157425498703	0.00152870446021986
4_Transposome/JG_CO_059_G	0.000247585932474864	0.0016241384273625	0.00371218500700763	0.000737987851965279	0.000298496464202659	0.000436340723534888	2.74714222803028e-05	0.000484727203727161	5.12859630801837e-05	0.000260308168114714	6.72156001383451e-05	0.000375213755502487	0.00160869210869494
4_Transposome/JG_CO_059_H	0.000273034562165916	0.0030493781821609	0.0153542502649858	0.000864959217681161	0.000298103293447037	0.000394587090366527	3.23726794337912e-05	0.000430256167315245	4.18035930366303e-05	0.000263352140057701	6.37685094665531e-05	0.000516465711443169	0.00203090115917128
4_Transposome/JG_CO_059_I	0.000232560463637789	0.00378189845435831	0.015581625746789	0.000995490510484628	0.000312221272996516	0.000647839780688636	3.2102521076884e-05	0.000521763984980804	8.111903399959e-05	0.000224667158051895	7.68876018696949e-05	0.000474002021681445	0.00141355364095623
4_Transposome/JG_CO_059_J	0.000248493720171881	0.0026658861328378	0.00721924370654157	0.000843264346927486	0.00026473901770041	0.000396052001440299	3.00058423241262e-05	0.000414487160498554	4.56114399487876e-05	0.000214651865348704	7.31139892242204e-05	0.000409611183789979	0.00159803089792595
4_Transposome/JG_CO_059_K	0.000248709893073975	0.0022089872254516	0.00431085913225236	0.000789491701213434	0.000285567640361635	0.000399269636610047	2.38824418263281e-05	0.000505620239866769	6.0900275500215e-05	0.000221753555370313	6.17765458357473e-05	0.000363895789162897	0.00133107150284415
4_Transposome/JG_CO_059_L	0.000221561159762326	0.00242997721748978	0.00847527521366416	0.000621947787322387	0.00036839202353288	0.000307398787843318	2.52768196879699e-05	0.000487615339352687	3.60040802223463e-05	0.000206720425837178	7.64251284354503e-05	0.000380014053707677	0.00143760478747114
4_Transposome/JG_CO_064_A	0.000248359741910182	0.00204748090004627	0.00443592188692323	0.000728472565022268	0.000288871379825986	0.000427049307040541	3.47414045688499e-05	0.000442117913914321	5.12536714785111e-05	0.000228486503369007	7.37392045479835e-05	0.000414200045803759	0.00124878953240211
4_Transposome/JG_CO_064_B	0.000263423708099725	0.00463650267995943	0.0129293497504106	0.000921235910804925	0.000438801274338937	0.000373568304266447	4.14461913648924e-05	0.000672659042219669	3.76730197119143e-05	0.000190770320411761	8.38178448196373e-05	0.000529591831762243	0.00156262212098257
4_Transposome/JG_CO_064_C	0.000206217155704026	0.00219204291207506	0.00609321972895621	0.000789778629061461	0.000374617199532405	0.000491937235767391	3.21076568629305e-05	0.000541367421890522	4.48604119648012e-05	0.000152338508760584	8.87588548129638e-05	0.000373482334079407	0.00178034002087576
4_Transposome/JG_CO_064_D	0.000296658677585556	0.00334212206699951	0.0123994878024901	0.00126643362275038	0.000396044203832484	0.000457912856147036	2.62973969549256e-05	0.00055502534866658	5.11377387383019e-05	0.000205106970123747	7.66296611907019e-05	0.000671249421887841	0.00166834276797525
4_Transposome/JG_CO_064_E	0.000240653558163618	0.0020842543759233	0.00645778056209187	0.000756696741879109	0.000278384738810929	0.0003618207041911	2.57146053721628e-05	0.000450310883574452	4.59703840679958e-05	0.000191126122391688	7.22708410363034e-05	0.000431348785421594	0.00205931041199866
4_Transposome/JG_CO_064_F	0.000257649746618549	0.00203223595135989	0.00488624924977318	0.000742959377763866	0.000327714023319036	0.000402167885009294	3.10858211057185e-05	0.000528261220738847	5.56500667789442e-05	0.000231450874328747	7.89057589338854e-05	0.000460398486503888	0.00144620822300931
4_Transposome/JG_CO_064_G	0.000219151704278622	0.00180672394403721	0.00547607813836445	0.000733932835439059	0.000381062962293635	0.000486131223244072	3.21695282182083e-05	0.000610813303630451	5.49665366650191e-05	0.000228502770076393	7.6622514428881e-05	0.000411158160534296	0.00190488079891653
4_Transposome/JG_CO_064_H	0.000245899921664247	0.00255848211311283	0.00663236852673581	0.000855280388927606	0.00034338994106937	0.00044935060009076	3.56773927404084e-05	0.000495121564191823	4.34056053571839e-05	0.000227081281974443	9.80532210091608e-05	0.000419219229660059	0.00155875448127408
4_Transposome/JG_CO_064_I	0.000270528056245457	0.00249375925172049	0.00931225446358979	0.0008930595636862	0.000309119613762834	0.000485316965360569	3.99545905577387e-05	0.000601863235455929	5.24312292664946e-05	0.000193414406698461	8.37748891339901e-05	0.000444940927587293	0.00147391099008953
4_Transposome/JG_CO_064_J	0.000196824551067071	0.00180289322998435	0.00706712538222036	0.000680904776953485	0.000350020864895966	0.000427578444595284	3.71828856430769e-05	0.000502524056790337	4.48073169087461e-05	0.000224431291349089	7.09213723537541e-05	0.000557817039810359	0.00137911980461513
4_Transposome/JG_CO_064_K	0.000230716024885952	0.00257804028268904	0.0172136871110558	0.0014273432259221	0.000354646867854612	0.000514402884018738	2.9767654589107e-05	0.000582413584537276	5.31919222908231e-05	0.000202811095800667	7.07557552861483e-05	0.000420210688788846	0.00201479682529702
4_Transposome/JG_CO_064_L	0.000261782582294446	0.0050751516728615	0.0226454386460849	0.000796445726877661	0.000431087936765625	0.000454220057593218	2.78194626965948e-05	0.000634301271788603	5.05680165760874e-05	0.000235003441510169	9.04194936388223e-05	0.000535855908668223	0.00209684354051664
4_Transposome/JG_CO_069_A	0.000205154452886711	0.00185692530023009	0.00575802024688774	0.000683836078091017	0.000291570325648973	0.000363131670960817	3.84512998039255e-05	0.000437883217651381	4.33679942943773e-05	0.000188034082953567	6.16796378845579e-05	0.000377689595806364	0.00157249661931182
4_Transposome/JG_CO_069_B	0.000217584869359573	0.00196549790650957	0.00605238622532506	0.000820245061323774	0.000286580358424584	0.000346348795651564	2.78990818472459e-05	0.000402592123151067	4.1029526656684e-05	0.000190424412049009	5.77833987664706e-05	0.000396026993043331	0.00164675799602824
4_Transposome/JG_CO_069_C	0.00017992988997131	0.00206136203597163	0.00685700862727333	0.000752944410037762	0.000251547478678689	0.000396377877534003	2.95551634191118e-05	0.000424751054452854	4.2680041192979e-05	0.000211402589026977	5.77090080337258e-05	0.000335192762338781	0.00135831717770864
4_Transposome/JG_CO_069_D	0.000192721068820934	0.00192596700134256	0.00545207641930304	0.000556693751678438	0.000257078629276931	0.000305201849745355	3.10195406198929e-05	0.000430063415516122	3.75418575032922e-05	0.0001626199458588	5.31523448198934e-05	0.00042773174392484	0.00164065186376572
4_Transposome/JG_CO_069_E	0.000226513852828414	0.00170093524724755	0.00539060713073402	0.00065416122398504	0.000258209510519674	0.000337803774037113	2.78423841528979e-05	0.000412972255441159	5.22259220338632e-05	0.000214629362861955	6.20292532569296e-05	0.000433613027297643	0.00159329968281393
4_Transposome/JG_CO_076_A	0.000243690299777745	0.00231200403786024	0.00958814868437763	0.000803875471241811	0.000326162926350392	0.000513463271237578	3.53093912062298e-05	0.00049553804687668	4.93573777020214e-05	0.00021675064686614	9.26876213877462e-05	0.000487092775930052	0.00209661808402999
4_Transposome/JG_CO_078_E	0.000348467799125586	0.00212094654606293	0.0100337124860274	0.00116113753151443	0.000378976298294174	0.000626670758455057	2.06753968485852e-05	0.000540877339904195	6.61378239227822e-05	0.000261426419115308	9.35647134830774e-05	0.000712012653938067	0.00221292832863114
4_Transposome/JG_CO_080_B	0.000219635296613977	0.00286785125538964	0.00995915476451902	0.000733240067469601	0.000309968219176185	0.000361105882199338	3.11254678731673e-05	0.000595839039805534	7.0253876604775e-05	0.000184369600427871	8.49622201780989e-05	0.000397084221255685	0.00157619112885547
4_Transposome/JG_CO_080_C	0.000286361055310757	0.00187742957775009	0.0064787649255405	0.000709721732717533	0.000233760281694678	0.000331218998887656	2.57541982225939e-05	0.000344431916634676	4.75991359472033e-05	0.000195415343687936	6.98923066064221e-05	0.000321755464669861	0.00122831539105551
4_Transposome/JG_CO_080_D1	0.000209961211544729	0.0017611270650975	0.00402132602760949	0.000741878409223765	0.000279555474888781	0.000376915952392481	2.52304743882696e-05	0.000459259937269873	6.1897055352149e-05	0.000217409647319416	5.6090221122751e-05	0.000335045888497139	0.00171136193989029
4_Transposome/JG_CO_081_B	0.000237133200140023	0.00371543816592662	0.0122398240448393	0.000750254730149383	0.000286646883297822	0.000378113567439821	3.15607952818247e-05	0.000420123799285023	4.46573661750718e-05	0.000212677680165085	7.32596911419214e-05	0.000446828283128192	0.00135379716031398
4_Transposome/JG_CO_081_D	0.000290886983271171	0.00274608668641124	0.00827755124652718	0.000777487640652885	0.000338846453217409	0.000460090404212676	3.21387331541062e-05	0.000554644216866973	4.28883131975044e-05	0.000183761640644387	6.29052917562997e-05	0.000384096247829255	0.00164775221757151
4_Transposome/JG_CO_085_A	0.00024007293496352	0.00553837565407885	0.0169801335599572	0.00092766864753851	0.000342090548571653	0.000383154031570674	2.8083514628929e-05	0.000572803819784201	7.80412576522784e-05	0.000163598188534028	6.45705340888089e-05	0.000505798670402133	0.00249855548002305
4_Transposome/JG_CO_089_A	0.000266270789171298	0.00180542711817172	0.00434890534317425	0.000878760267227079	0.00032080993126086	0.000402466132282258	2.50104737826586e-05	0.00048397003864577	4.0730759271531e-05	0.000230655991669486	7.46947777344435e-05	0.000451917939283977	0.00194062157224193
4_Transposome/JG_CO_089_B	0.000284437257415476	0.00191180006738333	0.00439448150150454	0.000786767342671632	0.000339969552050912	0.000392323469105978	2.89373125913735e-05	0.000559275167548355	4.22766769831251e-05	0.000269501030419804	7.02041190960693e-05	0.000435217552737664	0.00195902455681373
4_Transposome/JG_CO_089_D	0.000236434935356816	0.00236808542836943	0.00708181841439006	0.00077191404639698	0.000366268007868999	0.000399126809561063	2.81311774446631e-05	0.000530017163947642	5.73283712499704e-05	0.000196534858899576	7.4421685672204e-05	0.000412552915103164	0.001573740210544
4_Transposome/JG_CO_092_A	0.00029049730408001	0.0022807234448171	0.00783668069430056	0.000806968149265183	0.000313125302997837	0.000446865569813729	2.30413534036006e-05	0.000489459008189704	5.36355791317337e-05	0.00024948973883668	7.37559978615866e-05	0.000524513679268902	0.00154142574659603
4_Transposome/JG_CO_092_B	0.000256327359270252	0.00267680415960279	0.00873972447554975	0.0010936138030296	0.000335476070596753	0.000473962098690825	2.18403026254205e-05	0.000615980577907228	4.91303439741e-05	0.000220043189409064	6.22771378310941e-05	0.000398228997157333	0.0016429782337314
4_Transposome/JG_CO_092_C	0.000211010570170633	0.00195386256834323	0.00516413928176509	0.000650781388606407	0.000330315975121087	0.00041809079453232	2.20872199504159e-05	0.000415009722052145	4.51105709271469e-05	0.0002431835317045	6.84485853139773e-05	0.000363941572921418	0.00151400325813603
4_Transposome/JG_CO_092_D	0.000219447328254211	0.00204438097653523	0.0045354607763321	0.000866277893976324	0.000335524607845639	0.000398981285033114	2.72048788007912e-05	0.000440114174425538	4.39592944960175e-05	0.000176479218719499	7.39518970652918e-05	0.00041521567830885	0.00181699172635667
4_Transposome/JG_CO_092_E	0.000273046368979669	0.00253405532449737	0.00812295985558486	0.000976864458042954	0.00038888133213695	0.000435702200466751	2.59892914712818e-05	0.000574357669972626	4.72148485678875e-05	0.000233704111801561	8.0781122861128e-05	0.000475837416656161	0.0023340084025026
4_Transposome/JG_CO_092_F	0.000241377080717496	0.00217889691110344	0.00558745368469982	0.000970075462403015	0.00032723800054242	0.000428606305930762	2.38302043911232e-05	0.000451015665863366	5.18371633865491e-05	0.000243197511045745	7.35088924890442e-05	0.000423453720202472	0.00158585129538134
4_Transposome/JG_CO_093_A	0.000276331307064341	0.00212012174136822	0.00421447192234574	0.000893949016295041	0.000334255144885612	0.000435730622507099	2.50275949537854e-05	0.00056223073922115	4.47689796173414e-05	0.000240160535128046	7.62187767229025e-05	0.000440596584988244	0.00139637081124943
4_Transposome/JG_CO_093_B	0.000326411128272283	0.00230102878999299	0.00789307781534196	0.000916250690829436	0.000400865173984226	0.00052281995223595	2.45696386746725e-05	0.000656985859746632	4.44171735709187e-05	0.000248453012896599	7.04615794728173e-05	0.000563518527846248	0.00197999407978403
4_Transposome/JG_CO_093_C	0.000275489288780532	0.00582200822894449	0.0224247694786237	0.000943036513560814	0.000301225303275892	0.00036137645863705	3.13948406431828e-05	0.000685815839244237	5.08333499348648e-05	0.000151778940369991	5.37680478803645e-05	0.000500573591150213	0.00212728616921335
4_Transposome/JG_CO_093_E	0.000286482989389767	0.00235843469326459	0.00550502113245718	0.00090272116501736	0.000377694044884439	0.000524325982918531	2.16383453417333e-05	0.00052328108497403	5.68660096523997e-05	0.000290863215440924	7.25692843768638e-05	0.000441022473463467	0.00165094713196687
4_Transposome/JG_CO_095_A	0.000265748594122845	0.00209269276143	0.0046962903786699	0.000815563555467094	0.000313356494636673	0.000414342218938426	3.14928397869456e-05	0.000458239727154539	4.87097729262601e-05	0.000183904245954106	6.72339340607841e-05	0.000425655668004726	0.00173222056583789
4_Transposome/JG_CO_095_B	0.0003029788967427	0.00224238644122489	0.00425320180417955	0.000767876079190639	0.000407904975628378	0.000450391659994278	2.58160506038368e-05	0.000472660517304937	4.84589136369744e-05	0.000223777987416644	7.71351566349931e-05	0.000416960935946681	0.00204798344909805
4_Transposome/JG_CO_095_D	0.000262867317144192	0.00200888189988469	0.00519959484059794	0.00082855517691622	0.000325643515414022	0.000459027439842712	2.80737695671945e-05	0.000511622337946732	3.56460844428906e-05	0.000227150887240534	9.91564838330904e-05	0.000548917433791366	0.00140979872558461
4_Transposome/JG_CO_095_E	0.000302470656999881	0.00356010418127484	0.0134942456765447	0.000888878378808864	0.000295481355774169	0.000521853313881474	2.30901911048791e-05	0.000613864314791297	5.38189826078894e-05	0.000304808118752285	8.13177958510914e-05	0.0004850717337568	0.00242959737916364
4_Transposome/JG_CO_098_A	0.000324833171523817	0.00182090762090075	0.00734630518360392	0.000797885990486109	0.000293054019058847	0.000495212909834829	2.8819156712107e-05	0.000443328437778379	4.99890386547538e-05	0.000255409678561874	6.31368595855561e-05	0.000360588434719574	0.00126306872665566
4_Transposome/JG_CO_098_B	0.000272501471985494	0.00193339552375859	0.00514657491972182	0.000717288570264635	0.000300992546219448	0.000440162319238911	3.14891834518564e-05	0.000592123144724722	5.04681309559641e-05	0.000174969545941793	6.97944790579698e-05	0.000437196439199367	0.00147239577106
4_Transposome/JG_CO_098_C	0.000220763477087285	0.00194966036327707	0.00535188556489985	0.000691014253632727	0.000371404422499739	0.000355202055464649	2.67939627170214e-05	0.000528803603209484	4.6500553780031e-05	0.000233264533629511	6.56291907069404e-05	0.000396895959956898	0.00172697730552974
4_Transposome/JG_CO_098_F	0.000286632971288369	0.00233677489440576	0.00962616907752107	0.000653725232500631	0.00029463566823869	0.000397272378380929	2.67038619811237e-05	0.000474493550037655	4.0231131240913e-05	0.000174772679908803	6.33326302731894e-05	0.000351854205648516	0.00129410587518303
4_Transposome/JG_CO_099_B	0.000317288858003815	0.00234532229958131	0.00565464619693946	0.00100211808353616	0.000375461353860612	0.000511420928073815	2.42465654721839e-05	0.000589560911189132	6.90865858118476e-05	0.000254765188449497	7.50209026024366e-05	0.000475975629585939	0.00172962853526752
4_Transposome/JG_CO_099_E	0.000371983450401494	0.002410183814229	0.00732021157103087	0.00121735667827833	0.000326666767777199	0.000410127993188768	2.30056690434827e-05	0.000537865656755966	6.11137257436361e-05	0.000243987416709117	7.33924876767295e-05	0.000453579317080929	0.00138165685535384
4_Transposome/JG_CO_102_A	0.000230116049146876	0.00212399343627729	0.00433042183019928	0.000778260070298491	0.000318528022971195	0.000382641831431082	2.98578048487699e-05	0.000595398069622192	5.86154011556689e-05	0.000216317937147233	6.83937038547043e-05	0.000453872810760914	0.00174348490977066
4_Transposome/JG_CO_102_B	0.000160826031891689	0.00157000472082823	0.00699820996454981	0.000470822434118539	0.000240927792510656	0.000293209184294367	3.35283107225848e-05	0.000400378068658439	3.45999997001011e-05	0.000134997594945856	4.9986112635661e-05	0.000303238420281881	0.00113019999498598
4_Transposome/JG_CO_102_E	0.000207645766648976	0.00217614838211543	0.00648319128006143	0.000507767442343352	0.000258857124608778	0.000376312516540198	3.08303953090217e-05	0.00041552196122095	4.64202113789232e-05	0.000146773046539739	6.37247431098041e-05	0.000301123213449223	0.00135795094917141
4_Transposome/JG_CO_102_F	0.000258472923723795	0.00178585629621754	0.00880820652982961	0.000616613219413546	0.000276165839531143	0.000403299042963594	3.13783507432764e-05	0.000398936331064284	4.67666136728085e-05	0.000168068438426774	5.92676446555738e-05	0.000365346197262017	0.00127275355719688
4_Transposome/JG_CO_104_A	0.000198291999289103	0.0057905164137961	0.0240162570934607	0.00110636102291852	0.000263470802806717	0.000409649717627004	2.58289832245182e-05	0.000435971961567922	3.44893615261728e-05	4.88973419128241e-05	6.09349775839503e-05	0.00041054632456092	0.00229532109676222
4_Transposome/JG_CO_104_B	0.000182960246104691	0.0017639378929668	0.00880945340425445	0.000522106729329352	0.000247106842567219	0.000361839324247897	3.32815208507002e-05	0.000406170181010899	4.00366152394977e-05	0.000131619865317875	4.38722743066321e-05	0.000267237284001096	0.00115460282472759
4_Transposome/JG_CO_104_C	0.00024395687428115	0.00289936868352257	0.0114786618674466	0.000632581620318197	0.000276014710998446	0.000357253191453682	2.3969112528513e-05	0.000386868315300268	4.69186985201543e-05	0.000153898612785929	4.02637553474835e-05	0.000355634095866949	0.00162228045598031
4_Transposome/JG_CO_104_D	0.000166759072907581	0.00234176347193471	0.0103236275994057	0.000478033038807558	0.000251815440094316	0.000313873052658861	3.23518997596584e-05	0.000381367455652516	5.15953911024458e-05	0.000151817126372877	4.50292428423071e-05	0.00029267735253525	0.00143671046729272
4_Transposome/JG_CO_104_E	0.000183432428084489	0.00162514545681045	0.00480527659280089	0.0005940531180417	0.000210758951745887	0.000305186480546877	2.58326235937053e-05	0.000410086174536471	4.78709516243077e-05	0.000184613822108558	5.39013667310608e-05	0.00032409538631483	0.00116916454622468
4_Transposome/JG_CO_106_A	0.000170112575192952	0.00291929147764251	0.0108156498432631	0.000595322174741431	0.00030580420154993	0.000252392987811625	2.1531836732528e-05	0.000413639957397767	4.08906081137208e-05	0.000149585420010902	5.27356857381014e-05	0.000389687504442938	0.00142364445668358
4_Transposome/JG_CO_106_B	0.000200710181971374	0.00184123405141631	0.00489459687893863	0.00059791214330851	0.000254182049066776	0.000347345858683066	2.33912881640534e-05	0.00042707059623299	4.30851294366249e-05	0.00021540171326098	4.64791307851569e-05	0.00032969685773368	0.00140572961693642
4_Transposome/JG_CO_106_D	0.000162041303738832	0.00139663977295747	0.0058770967569312	0.000575268704871279	0.000270738133179935	0.000332552223212291	2.6498382129724e-05	0.000348080015761482	4.40989606765002e-05	0.000141807148375661	5.03619571539673e-05	0.000359850098128347	0.00103470567019133
4_Transposome/JG_CO_106_F	0.0001750189100453	0.00183464478127188	0.0077126489184216	0.000567358958487561	0.000241872661066904	0.000354867332553218	3.09288862764472e-05	0.000371409494883372	3.45349435545363e-05	0.000162602475542503	4.87793915194304e-05	0.000358001642553484	0.00122790976195748
4_Transposome/JG_CO_107_A	0.000269912775103584	0.0015878002587619	0.00450258636518843	0.000780542476336815	0.000330743821499402	0.000383407050533433	2.47839014134673e-05	0.000470119528093207	4.86565823904223e-05	0.00024142719446234	6.61301471951541e-05	0.00037986813001474	0.00156256865097068
4_Transposome/JG_CO_107_B	0.00021289684822429	0.00177773806625163	0.00575373449049249	0.000588419215663459	0.000258015001795322	0.000311328103396966	2.59334945233718e-05	0.000373077767634018	4.05227418676265e-05	0.000152394770334414	4.51326448684906e-05	0.000333633316533209	0.00122139912970766
4_Transposome/JG_CO_107_C	0.000152820557593546	0.00147777618527346	0.00606285041794768	0.000527535430250877	0.000268098295806997	0.000298215911894156	2.58994990628943e-05	0.000446542215460777	3.8319332389885e-05	0.000179941412255985	5.83266622931229e-05	0.000302765577818619	0.00124865912261711
4_Transposome/JG_CO_107_D	0.000192504657402992	0.00190532457345071	0.00627485936820754	0.000549055026070628	0.000255072973549022	0.000246115748292324	3.09287377514708e-05	0.000388969425946761	3.35433165192968e-05	0.000145307924817158	5.08167634281412e-05	0.000365472914835884	0.00110504795175034
4_Transposome/JG_CO_107_E	0.000153525965111377	0.00220687834764329	0.00716832838332654	0.000462295427462603	0.000277888213505332	0.000281042734655379	2.66412071780562e-05	0.000386115370821977	4.27802911918579e-05	0.000251232081146574	5.13284367855728e-05	0.000286291566448643	0.00143326218591968
4_Transposome/JG_CO_108_B	0.000169517436106984	0.00189175300286605	0.0133361791389094	0.000521670659701788	0.00027007960797296	0.000365518664332697	3.05726035743996e-05	0.00042521071071235	3.93765251466391e-05	0.000167855456696367	4.85072379171954e-05	0.000380841769857734	0.00150897479722841
4_Transposome/JG_CO_108_D	0.000194718988175909	0.00184545400911386	0.00551869556721449	0.00045637818386012	0.00025708520576184	0.000326280258567406	3.46120279299422e-05	0.000448805624622583	4.40208298333326e-05	0.000139288236564592	5.13530764332246e-05	0.000317881577620328	0.00115837701778014
4_Transposome/JG_CO_108_E	0.000159211533341437	0.00246991176889222	0.0125471413597807	0.000781951119205926	0.000272810781235848	0.000319734986697225	2.82082769770657e-05	0.000541088510531792	4.61907887729132e-05	0.000157047592756404	6.75654552284583e-05	0.000339828470344238	0.00146583359139418
4_Transposome/JG_CO_108_F	0.000160538290924903	0.00457531233243531	0.0189546683958733	0.000536228976416482	0.000201852152083816	0.00033853456728662	2.79175718011182e-05	0.000507886810854159	3.57645635646093e-05	0.000139958955504055	4.71770814859196e-05	0.000394445205701206	0.00230087456486899
4_Transposome/JG_CO_109_A	0.000228544208731273	0.00143622469427617	0.00496387717533519	0.000578723389529242	0.000249072984979215	0.000321654861020225	2.60267190365842e-05	0.000398628531035198	3.41065393722485e-05	0.000131423892748435	4.85089528934688e-05	0.000263463182675293	0.00133701809400741
4_Transposome/JG_CO_109_B	0.000233488456315391	0.00170798473670256	0.00387537650004743	0.00057907459967857	0.000249103188498866	0.000318081336035492	2.32953103860535e-05	0.000363138783589196	3.61168335236285e-05	0.000106279662899934	5.55692071272152e-05	0.000332680031482646	0.00146253391150331
4_Transposome/JG_CO_109_C	0.000229745791928797	0.00440539694091061	0.0168232344503313	0.000792341655169118	0.000297331757530565	0.000389928919588097	3.573654471313e-05	0.0005248927529169	4.10575449337304e-05	0.000116098715229314	5.33813514575926e-05	0.000327184018617277	0.00205590145151746
4_Transposome/JG_CO_109_E	0.000252201853608219	0.00172756094217582	0.00446302268900937	0.000553673018719217	0.000264961457478045	0.000321650004831952	2.59631102318263e-05	0.000352935357994111	3.74856781465883e-05	0.000164997091826737	5.77914240329621e-05	0.000312190609638793	0.00146602501890753
4_Transposome/JG_CO_110_A	0.000216474633790903	0.00229018084896716	0.010099557906583	0.000880152686516565	0.000315899035393613	0.000346230234799849	3.19234108702333e-05	0.000469294360606857	3.20935574339517e-05	0.000249587078985023	6.73024157821908e-05	0.000425967055343212	0.00185091883536303
4_Transposome/JG_CO_110_B	0.000224786833704168	0.00211752219968172	0.00681512172004232	0.000586721600641762	0.000324047520674414	0.000386547834391524	2.82324552069696e-05	0.000543292389591094	4.48314751647796e-05	0.000169525291185428	6.3950869735245e-05	0.00039512877154735	0.00147671141840145
4_Transposome/JG_CO_110_C	0.000209422145593708	0.00362472734458875	0.0176444352705717	0.000792377532129418	0.000273064422813145	0.00050442744732662	2.78323436138925e-05	0.000448544690058327	4.32866286619164e-05	0.000196277517902963	7.2056970874772e-05	0.000477129269643834	0.0017016872751622
4_Transposome/JG_CO_110_D	0.000274156321716459	0.00253255626033748	0.0122702246540509	0.000956578031643961	0.000299962309989295	0.000381346717690081	3.14267050252448e-05	0.000480849206193778	4.40613685935184e-05	0.000232109525107355	6.65669759600633e-05	0.000396740086338221	0.00151646153617989
4_Transposome/JG_CO_110_E	0.000201872760452931	0.00217938431807641	0.0133525498160761	0.000671905889207642	0.000279606663284563	0.000446929722907574	2.56597077314901e-05	0.000530801939407349	4.94431507897836e-05	0.000195451973279559	7.0702344535681e-05	0.000437701993023325	0.00155427476560264
4_Transposome/JG_CO_111_A	0.000160070885593823	0.00190216376065256	0.00747648953698009	0.000534804355219079	0.00024803162259876	0.000365274374324591	2.4385760462653e-05	0.00041596684302367	3.57825436215453e-05	0.000177617117934671	4.18736349279023e-05	0.000338375351556254	0.001642379781917
4_Transposome/JG_CO_111_B	0.000201579468970567	0.00275751941347513	0.0115668005024553	0.000553873904373907	0.000238234388802095	0.000371810341419167	3.07478042225992e-05	0.000372394400467174	4.15203419476712e-05	0.000115087422254298	4.14048760594719e-05	0.00037415640537499	0.00191744089540558
4_Transposome/JG_CO_113_E	0.000262227807322987	0.00392612601357675	0.013773675359253	0.000763961388276871	0.000230380104098827	0.000429858689142775	3.10200203463121e-05	0.000415768385745015	3.92709704519259e-05	0.000157978097075018	5.45751251667214e-05	0.000313900942348866	0.00136172740245695
4_Transposome/JG_CO_118_B	0.000186605226662907	0.00297597277911212	0.0107189202297904	0.000441103145792607	0.000293964520510423	0.000402042197837665	2.61741272281566e-05	0.000536576848658226	4.4216772249874e-05	0.000124158149752196	4.97787251740839e-05	0.00030210399965174	0.00158882339282263
4_Transposome/JG_CO_118_C	0.000170515479181994	0.00418112400906479	0.0187964438539857	0.000812596028342878	0.000260642651210106	0.000334367034582714	3.48234480475961e-05	0.000493590373662473	4.10796685329941e-05	0.000135784409966981	5.30847675354138e-05	0.000354550155268165	0.00186714591329488
4_Transposome/JG_CO_118_E	0.000161977206965134	0.00277169787057654	0.010016426966579	0.000586754536403513	0.000245571954856772	0.000253548927668488	2.76805568703516e-05	0.000322089984796715	3.62952777567229e-05	0.000130990451017409	5.26196857246805e-05	0.000317206557321292	0.00156038826745598
4_Transposome/JG_CO_120_A	0.000243939621238361	0.00256509732277406	0.00955207776859325	0.000643179623366568	0.000240240517492825	0.000325225338918255	2.59772104128762e-05	0.00031203663096436	4.09000614071419e-05	0.000188005414488005	5.66951909638619e-05	0.000266501871827823	0.0012915816769129
4_Transposome/JG_CO_120_C	0.000264112764100169	0.00247223686693775	0.00621314368218193	0.00066079695330126	0.000346581185668607	0.000325752302786718	3.01796469606122e-05	0.000452555567003364	6.00375657526387e-05	0.000155881423546721	6.3004499270463e-05	0.000380644963384312	0.00142935595532372
4_Transposome/JG_CO_120_D	0.000223301148822084	0.00298668170916148	0.0145925607023988	0.000578089320935394	0.000296418254898553	0.000322118522137382	2.69422801349251e-05	0.00048897368357687	3.54996043825489e-05	0.000123928881024388	4.20814917639453e-05	0.000299659415984111	0.00153389791074352
4_Transposome/JG_CO_120_E	0.000187955210339112	0.00195336703687835	0.00569522957871268	0.000556296167191058	0.000273014603920186	0.000294262290046918	2.7210553144019e-05	0.000448648549177179	5.41757773607585e-05	0.000128417321417974	5.85098880870437e-05	0.000324144285117979	0.00203246011605606
4_Transposome/JG_CO_122_A	0.000229956929247132	0.00441388856900999	0.0152922509594682	0.000890092126816427	0.00031013471246911	0.000354487371300523	2.55521689665479e-05	0.000481349556502781	4.20698990248941e-05	0.000193900295257044	5.51847466176739e-05	0.000378481848826389	0.00272392506320837
4_Transposome/JG_CO_122_B	0.000174357296735931	0.00205827296638555	0.00973618153068984	0.000540051847953415	0.000297100008446862	0.000298035389472492	2.71719489273146e-05	0.000421959902859847	3.54387505086443e-05	0.000141960095692885	5.17208972470806e-05	0.000316928209428672	0.00115574373731795
4_Transposome/JG_CO_122_C	0.000234433259732214	0.00166234037424796	0.00550375509345385	0.000417020833169888	0.000259925970567055	0.000258937974100674	3.14774312157896e-05	0.00026228356011375	3.86622519497056e-05	0.000134673197090472	4.5467283509682e-05	0.000364574325960751	0.00164405656673263
4_Transposome/JG_CO_122_D	0.000204017972731685	0.00153026037857709	0.00408784208936739	0.000480151757299268	0.000282879525395915	0.000299825498325886	3.2164071785184e-05	0.000319237018892392	4.45735660116182e-05	0.000158049772885142	5.2273177606996e-05	0.000353270097418784	0.00187095614738032
4_Transposome/JG_CO_122_E	0.000211310493406735	0.00210847326613507	0.00652684136767112	0.000503409697239456	0.00020835464639283	0.000316524993928339	3.26781643466345e-05	0.000439526496062215	3.26093641248703e-05	0.00012167511225126	5.17571459319959e-05	0.000344279209892523	0.00168452036931244
4_Transposome/JG_CO_124_A	0.000158266095130406	0.00201130704415501	0.00877376967703822	0.000523634728286072	0.000282695753856084	0.000396283705202439	2.86476241590841e-05	0.000438489240996012	5.63392798392555e-05	0.000115396138467608	5.27964218048816e-05	0.000318250163852299	0.00147818308634996
4_Transposome/JG_CO_124_B	0.00020179421199128	0.00286703159833432	0.0132165844707159	0.000553339721092864	0.000257729775613146	0.000333552899779103	3.56708105204126e-05	0.000459612248493582	3.82496528422906e-05	0.000143117589701547	6.29066988810728e-05	0.000376487091421554	0.00236565518110802
4_Transposome/JG_CO_124_C	0.000150645116711384	0.0022424256410593	0.00779228706680772	0.00056474554295645	0.000271502781211794	0.000368013424151144	3.12169907410151e-05	0.000374351347882145	4.05869855112502e-05	0.000158789290888402	5.60135076639183e-05	0.000328095485883305	0.00227565952316759
4_Transposome/JG_CO_124_D	0.000164559969697516	0.00156618125451802	0.00555057195264448	0.000508407400433903	0.000257388176317323	0.000367664052400786	2.75689844712959e-05	0.00047072836723343	3.8691464230814e-05	0.000141301263400969	4.35409632741433e-05	0.00030139636331806	0.00202844636240674
4_Transposome/JG_CO_124_E	0.000175170426307113	0.00204521778923037	0.00522803973370387	0.000537741643556797	0.000289085417918315	0.000257749135356423	3.38327339124876e-05	0.000317254062102576	4.28150029716767e-05	0.000116075238652779	5.14619257863114e-05	0.000306131087668046	0.00141661574369868
4_Transposome/JG_CO_125_A	0.000204164112677276	0.00592467323011917	0.0209782589845418	0.000906462266786734	0.000336732515941215	0.000386215049163095	2.58033825721257e-05	0.000426147577506526	3.16466917189595e-05	0.000221019519935702	4.63006737194386e-05	0.000411476601238666	0.00273909452320795
4_Transposome/JG_CO_125_B	0.000195273787932684	0.00388138351206462	0.0189875572011279	0.000746193103414287	0.000289489784017628	0.000373420486365401	2.65236470405309e-05	0.000456916943069125	3.4949189078093e-05	0.000175766378149927	5.97953847815219e-05	0.000395272288299657	0.00277227008828973
4_Transposome/JG_CO_125_C	0.000224296096426048	0.00163817254827028	0.00473087027903115	0.000554974075173863	0.0002378710064764	0.000325657075720035	2.81663202514231e-05	0.000445078750522136	4.39186060656422e-05	0.000125888024351163	5.9076682298569e-05	0.000294920981332179	0.00210954013668906
4_Transposome/JG_CO_125_D	0.000212719216775935	0.00259958133794954	0.00717459332216119	0.000485388363263102	0.000280178870792213	0.000312260937078431	2.47961088702037e-05	0.000441117945225488	4.74061208973009e-05	0.000133002932683107	5.54460609075399e-05	0.000299880454321078	0.00181539225314226
4_Transposome/JG_CO_126_A	0.000221397302582441	0.00798844967478259	0.0339683535051879	0.00131868069089242	0.000314197038203091	0.000490817154533844	2.79611837946184e-05	0.000400921789759088	3.51677715474084e-05	0.000168283521632459	7.87113877744068e-05	0.000373598830012094	0.00409145494174491
4_Transposome/JG_CO_126_B	0.000207317315877991	0.00159679540258533	0.00511935021269508	0.000510938100909675	0.000259395710778587	0.000305579063019787	2.69569146282587e-05	0.000359187823649625	4.40221234809521e-05	0.000118078319530076	5.36942618930115e-05	0.000328258738689607	0.00174664813882818
4_Transposome/JG_CO_126_D	0.000250205368651576	0.00171780259523681	0.00580909151760942	0.000805340605864946	0.000329140411995618	0.000411990761597104	3.0662914128531e-05	0.000496215351376391	4.81966357503516e-05	0.000160391678309366	6.90431011441558e-05	0.000399365362743599	0.00188087406326159
4_Transposome/JG_CO_128_B	0.000209729386337199	0.0043347119553453	0.0244639433201638	0.000695061031743735	0.000329048633426164	0.000539310508105953	2.56609852086595e-05	0.000504609438495045	5.02283646220613e-05	0.000195336161315119	6.52750860380036e-05	0.000655996581215004	0.0017410113982745
4_Transposome/JG_CO_128_C	0.000180002265076272	0.00270037081443831	0.0155174947361957	0.000727209485404722	0.000353991101706874	0.000501161292967228	2.93873549112814e-05	0.000392845755105713	4.76327875467195e-05	0.000172728099784894	5.23216044024544e-05	0.000379132256751101	0.00156791639057828
4_Transposome/JG_CO_128_D	0.000221718702203597	0.00173757303595107	0.0038560944526608	0.000670727903469872	0.000293866052726637	0.000397270671875798	2.3281240137497e-05	0.000452612066763733	4.8117037146008e-05	0.00019668274976474	6.71501204566334e-05	0.000462661888553227	0.00146714250268829
4_Transposome/JG_CO_131_A	0.00021460962892486	0.0015762782672074	0.00364899794645462	0.000486605904807401	0.000252015244183255	0.000353822034426773	2.74376157546766e-05	0.000380656556848396	5.20640367061871e-05	0.000162356457380754	5.07520389477279e-05	0.000355397228860274	0.00116697471381142
4_Transposome/JG_CO_131_B	0.00022047129281691	0.00189768843446005	0.00505843533990916	0.000804389795186903	0.000364819598420988	0.00040731221483058	2.71356461904312e-05	0.000513922254984102	4.89298429483344e-05	0.000209488463803596	7.56127269885277e-05	0.000480260132043514	0.00182301767157901
4_Transposome/JG_CO_131_C	0.000229929198975188	0.00180163704174325	0.00609235706853798	0.000715816969746385	0.000267527786038658	0.00029528446628027	2.31724992056267e-05	0.000406424570964535	5.22539865156025e-05	0.000207154330274832	5.98224360988209e-05	0.000373420397468754	0.00105435896059285
4_Transposome/JG_CO_131_D	0.000156086963854946	0.00199573726074575	0.0106577097233615	0.000619281825622202	0.000286695186523339	0.000327516121734043	2.83701021530378e-05	0.000389829980669562	3.47325344383661e-05	0.000144783574053929	5.15852177521874e-05	0.000360113041692754	0.00150714258106816
4_Transposome/JG_CO_131_E	0.000179168221668789	0.00244150827527975	0.00984143587275092	0.000691619662551304	0.000288063761283733	0.000354363375559652	2.8543005530404e-05	0.000446919448430877	5.20608081523996e-05	0.00016359990089274	6.15804686364372e-05	0.000375835819859702	0.00155145744939286
4_Transposome/JG_CO_132_C	0.000234697244122875	0.00245888304878106	0.00952696772346217	0.00064816341683333	0.000297270814711524	0.000396025594210796	3.75391968559597e-05	0.000450174860938753	4.09984342241712e-05	0.00020644019232212	6.60394117649348e-05	0.000396393721621577	0.00135841549606565
4_Transposome/JG_CO_132_D	0.000218914212502176	0.00200933598890038	0.00646894022049722	0.00060611496077985	0.000302448741363948	0.000394770533097977	3.49363222124699e-05	0.000422002426354502	4.57652898223495e-05	0.000151900682489557	6.87154714227944e-05	0.000442924065086118	0.00132785777175163
4_Transposome/JG_CO_132_E	0.00021881741979359	0.00247944041979681	0.00997635729385059	0.000691206187954056	0.000281884095873726	0.000380332501390722	4.28893742051378e-05	0.000438405849484414	4.10551451019881e-05	0.000144335520758532	5.48284753189367e-05	0.000399764478506124	0.00141577284617634
4_Transposome/JG_CO_132_F	0.00018238029390419	0.00209386435430053	0.00726518781797675	0.000827627821377534	0.000264095538458621	0.000309490908300105	3.14270524339986e-05	0.000398200225365877	4.53040778458381e-05	0.000203179580442895	7.47708563937001e-05	0.000415143772635441	0.00165203282306918
4_Transposome/JG_CO_132_G	0.000242650707660971	0.00250929794615534	0.00670563431617125	0.000717091250562768	0.000246941285924414	0.000380963075146753	3.34421921795111e-05	0.000566329618087849	4.79992672947637e-05	0.000231317308306887	7.18451894537693e-05	0.000498675620364303	0.00201640093253829
4_Transposome/JG_CO_132_I	0.000229744289699758	0.00287011887102575	0.0139735238036238	0.000975469922856683	0.000339096371904017	0.000386231033329973	3.3627074944997e-05	0.00057580515176162	4.10411502166349e-05	0.000163979546340907	5.64243275040691e-05	0.000494456393990604	0.00199358051501528
4_Transposome/JG_CO_132_J	0.00023081337124071	0.00232411740320549	0.0100600977730686	0.000801376578032897	0.000281296083028651	0.000388774333391371	3.07094421881925e-05	0.000482255926494557	4.26383710191194e-05	0.000216812609423372	7.15195214847226e-05	0.000421323520955948	0.00144886822272102
4_Transposome/JG_CO_150_C	0.000189407396410207	0.00200562696001535	0.00726911211726195	0.000542050258602587	0.000231328092314435	0.000326180186683547	3.2572069741411e-05	0.000390545686640532	3.83440938267962e-05	0.0001490565846569	5.72420009233504e-05	0.000248481718544773	0.00143034140607297
4_Transposome/JG_CO_150_D	0.000155823672777802	0.00176214772777954	0.00474271526471757	0.000483012058593218	0.000203973107981858	0.000274448787757254	2.70328191182185e-05	0.00034679280030625	3.57430207444478e-05	0.000140279778212187	5.15474954850892e-05	0.000363526443308978	0.00113806957770603
4_Transposome/JG_CO_150_E	0.000231811408836049	0.00196129345740648	0.00736905723483123	0.000629864039763968	0.000277234227163271	0.00033054528016927	3.05159458114269e-05	0.000412743774545755	4.22735516634646e-05	0.00017534733313626	6.4963086324866e-05	0.000334033738598009	0.00110189795777343
4_Transposome/JG_CO_150_H	0.000266286975610176	0.00297112395461605	0.0151996471247644	0.000765032678770583	0.000276147861462892	0.000302419756272611	3.97149907366653e-05	0.00045799392056814	4.31651910176337e-05	0.000172335068522895	5.1299758071653e-05	0.000294101285149859	0.00174812693603173
4_Transposome/JG_CO_150_I	0.00018945151859174	0.00205929449148441	0.00677669643925525	0.000572791469953229	0.000297950963943742	0.000371727882176991	2.99879881267313e-05	0.0003866024162964	4.7016563832877e-05	0.00011814855269147	4.88148668657993e-05	0.00030541362989881	0.00123252525253018
4_Transposome/JG_CO_188_B	0.000242823273315295	0.00398326431210886	0.0154217327918096	0.00113348624657823	0.000510484801286554	0.000409793532651966	2.75150984919316e-05	0.000540978554774277	6.73200109298597e-05	0.000146915404005867	5.68844103720881e-05	0.000640593773889879	0.00174942576121551
4_Transposome/JG_CO_188_C	0.000230996945048619	0.00167771445900102	0.0085051371816075	0.000716736383906166	0.000307769840620403	0.000331787832945012	3.06565299553964e-05	0.000497263240163529	4.47160659464326e-05	0.000186082214783959	6.20452872521737e-05	0.000377168330933049	0.00134652432377902
4_Transposome/JG_CO_188_D	0.000191953115105245	0.00178226936096412	0.00575634743388886	0.000668039790430198	0.000265088903594115	0.000349343067762392	3.36713921865851e-05	0.000386270555953746	3.84365405202756e-05	0.000202972685459118	7.09103388414232e-05	0.000415426853495324	0.00180079846733612
4_Transposome/JG_CO_194_A	0.000205381501648649	0.00198817074214677	0.00736895737275326	0.000772975055333853	0.000262658020328112	0.000315265314974218	2.47378430405365e-05	0.000526802258538377	4.5318881285962e-05	0.000168945290994476	4.78602685018506e-05	0.000400617885282702	0.00151009255730475
4_Transposome/JG_CO_194_B	0.000260236337868672	0.00186997121385605	0.0104300972842712	0.000766444289965139	0.00025589837415255	0.000370225499817796	3.19992872582036e-05	0.000389020700893822	3.61539580757756e-05	0.000209856517041609	6.19766374080907e-05	0.000335752421279975	0.00179158764018243
4_Transposome/JG_CO_194_C	0.000224140540515139	0.00148519430634585	0.00579292558535986	0.000584762830518657	0.000225119713851879	0.000323333806366495	1.99173085440904e-05	0.000333463657167552	3.67840324696172e-05	0.000145384249407536	5.72345298403539e-05	0.000381964955980761	0.00178510936515019
4_Transposome/JG_CO_194_F	0.000165341253601085	0.00210902213385136	0.00590983190059868	0.000575154626229728	0.000251111936665985	0.000316818841670158	2.6230535951468e-05	0.000475718866726513	4.49045992280492e-05	0.000204485374492648	5.40957423266778e-05	0.000347440301063686	0.00150345366826509
4_Transposome/JG_CO_194_G	0.000284721568204771	0.00252848648425286	0.0106059540163565	0.000783470269572156	0.000324786490747537	0.000334895749368364	2.45507139384444e-05	0.000589015318650359	4.31430656459255e-05	0.000209672626899976	7.52012382715234e-05	0.000426419712866272	0.00191276978471387
4_Transposome/JG_CO_194_I	0.000212695378334444	0.00206897900553953	0.00692648403716089	0.00068020025648413	0.000268534088944241	0.000376559259552232	2.9147658134374e-05	0.000395992855357065	4.25373078456598e-05	0.000200881509836646	6.85507974809798e-05	0.000435079385842013	0.00138151972270303
4_Transposome/JG_CO_197_A	0.000273217785061132	0.00219753927438236	0.00679198687350918	0.000889658463655411	0.000316869424945667	0.000442589467642273	3.81704048724515e-05	0.000522909868911257	4.60075190416812e-05	0.000291099356496912	7.73871999129196e-05	0.000471043796819932	0.00205618891036897
4_Transposome/JG_CO_197_B	0.00019310819014649	0.00284491285672691	0.0130017577662335	0.000863597399478762	0.000277485693966078	0.000369954402470589	3.31227229323778e-05	0.000415840440693808	3.66425144584886e-05	0.000256590410271799	6.06683218863233e-05	0.000436431226127489	0.00153518555490906
4_Transposome/JG_CO_197_C	0.000251629963439074	0.00245035316243864	0.00674878885783285	0.000923759312276768	0.000282941486161525	0.000291365054525222	3.17070044565064e-05	0.00039657110517008	5.16785652514315e-05	0.000217719321086005	8.32322014517823e-05	0.000414314422822109	0.00133558318858509
4_Transposome/JG_CO_197_D	0.000183856028457163	0.00166259064481945	0.0063524534641994	0.000713747861938414	0.000282473102055888	0.000330832882199334	3.03629435919904e-05	0.000347669713017743	4.94290803732767e-05	0.000210893383684249	6.54976753428952e-05	0.00041421696198914	0.00144875200412419
4_Transposome/JG_CO_197_E	0.000230862482961638	0.0035948182326582	0.0173863216787028	0.000926069328840375	0.000346452801937462	0.000542758967516741	3.45077144027537e-05	0.000502152475299861	3.86780626597225e-05	0.000220755467918019	6.27401648675115e-05	0.000358912037580809	0.00158554850420695
4_Transposome/JG_CO_197_F	0.000244299419531745	0.00266077538671107	0.00988944243464648	0.000665941082506418	0.000236570466634167	0.000351512074944702	2.60791524882211e-05	0.000457674738248839	5.2540411770877e-05	0.000225854105369062	6.28637084002675e-05	0.000428943972864623	0.00144146195845638
4_Transposome/JG_CO_197_G	0.000235181030914834	0.00212149635546121	0.00749753573590594	0.000769467725118645	0.000306109631839332	0.000316490869292631	2.9586879905218e-05	0.000440630824415517	3.95380030508908e-05	0.000217899827965106	6.5009238934485e-05	0.00034281061262052	0.00191989622338837
4_Transposome/JG_CO_197_H	0.000240209346722781	0.0035368383900224	0.0207251419962024	0.00112014502191313	0.000285128492773795	0.000349984859756363	4.29371788307417e-05	0.000498671181486909	4.33796319526901e-05	0.000175101702523696	6.27470267972516e-05	0.00038226840794593	0.00245502930064659
4_Transposome/JG_CO_197_I	0.000213119261156971	0.0016094587509944	0.00679136735923897	0.00067536547452232	0.000297105462115846	0.000363457842060504	3.62591542937914e-05	0.000382544955605256	3.60748417283516e-05	0.000271352418130222	6.37273774084367e-05	0.000352927870473221	0.00148818067547685
4_Transposome/JG_CO_199_A	0.000286712930094356	0.00186741025883554	0.00510217641250152	0.000789622689748699	0.000321350859202469	0.000507292941519476	2.99116912713111e-05	0.000565725707810969	6.00772625798124e-05	0.000186948282872047	6.86787264351723e-05	0.000534484469326885	0.0013188285506202
4_Transposome/JG_CO_199_B	0.000203098658556596	0.0018639498494069	0.00597155569558743	0.000846617879240807	0.000312882016811512	0.000413786597173301	2.86595256354763e-05	0.000366320481484023	4.49133267213018e-05	0.000230009273697248	7.22249695111757e-05	0.000416151779745497	0.00146765042063681
4_Transposome/JG_CO_199_C	0.000393227690044977	0.0026591899978908	0.00442897859813256	0.00104766119923917	0.000378749503943427	0.000549683679944444	3.73415189512773e-05	0.00061263178968364	6.80599876347313e-05	0.000270317782696674	6.66826172670813e-05	0.000531198622373093	0.00199711187250836
4_Transposome/JG_CO_199_D	0.000229375722268886	0.00175076060800126	0.00780605897254465	0.000613254756328348	0.000259960235462334	0.000409228629232934	3.221747750219e-05	0.000450991264145206	4.42944153767004e-05	0.000156036519551384	6.6100961367533e-05	0.000383388454217635	0.00139432768881293
4_Transposome/JG_CO_199_E	0.000222458695158151	0.0018435293937136	0.00642811738950269	0.000604001261114933	0.000279397287817751	0.000400088472517723	2.92292271527255e-05	0.000449845841453575	5.59477017805713e-05	0.000152067526660143	7.039049701998e-05	0.000378197362302898	0.00121859459750234
4_Transposome/JG_CO_204_A	0.000236008410520444	0.00248145182404849	0.0139630452066136	0.000732565515390077	0.000295843253785368	0.000458458061588949	2.89482702295854e-05	0.000484067007228337	7.32863205639687e-05	0.00022615878025603	6.69629721885129e-05	0.000524118738051407	0.00177458686260984
4_Transposome/JG_CO_204_B	0.000235409100115189	0.00181729367947519	0.00497095036575282	0.000718799101999502	0.000295951511266174	0.000372248406948642	2.79397817533389e-05	0.000503161033561098	4.53668546276914e-05	0.000213133064420333	8.78531146950889e-05	0.000384876531409539	0.00133722667250537
4_Transposome/JG_CO_204_C	0.000246521004707223	0.00231468440415932	0.00932484253410382	0.000626523495586178	0.000245454305308107	0.00039654804758453	2.64375436592441e-05	0.000374389067122813	3.7465301922118e-05	0.000153445174797562	6.43084104827272e-05	0.000292823796429011	0.00146866691172254
4_Transposome/JG_CO_204_D	0.00025844639722866	0.00202071890073993	0.0077191379403531	0.000812028719243905	0.000246132573484105	0.000329013669858926	2.64910871469233e-05	0.000490460049048734	4.71512551703327e-05	0.000209663387098847	5.17710423657145e-05	0.000393848168600592	0.00140431111885636
4_Transposome/JG_CO_206_A	0.000181097951085204	0.00160320236266039	0.00427665499200501	0.000528828909072406	0.00025100200351679	0.000267163130680135	2.74953319189588e-05	0.000373714996992853	4.92585933153418e-05	0.000156362018228558	6.45750913719512e-05	0.000318837921497531	0.00173615554040855
4_Transposome/JG_CO_206_B	0.000245064345480495	0.00332377223537101	0.0155949841007495	0.000755332944006572	0.000389357077045284	0.000411714580020614	2.55712687743835e-05	0.000648224069396033	5.22185620106315e-05	0.000192448632333333	7.05086530353965e-05	0.000375545939626204	0.00180630866852584
4_Transposome/JG_CO_206_C	0.000228481917024768	0.00162964753146878	0.00555541867397556	0.000826866594821299	0.000348800745205745	0.00042571939216456	2.61088843412875e-05	0.000540220165806895	4.8601157880404e-05	0.00020353496720331	7.15007625573501e-05	0.000468612879833984	0.00168931213176092
4_Transposome/JG_CO_206_D	0.000397037994795126	0.00615426733776085	0.0303664658613157	0.000981416096957114	0.000300244838174607	0.000356904510427112	2.60488640779448e-05	0.000640083047350136	4.49292439360784e-05	0.000181285933031027	7.48515654846796e-05	0.000406485278724793	0.00233280010983774
4_Transposome/JG_CO_206_E	0.000182553440245307	0.00175839924515458	0.00710625498601893	0.000719911501723525	0.000336025264641377	0.000401934456250747	2.77893903367058e-05	0.000435456182180549	3.88188548220339e-05	0.000298705945985418	7.99643844317657e-05	0.000465777017364648	0.00150324654907038
4_Transposome/JG_CO_207_A	0.000277911763549489	0.00263790742593053	0.00828091555748565	0.00089326161018965	0.000384797841408916	0.000532050278893305	2.54282487933624e-05	0.000430648889498511	6.22426133581925e-05	0.000276443895906056	8.43098788687837e-05	0.000543270137723396	0.00177983832547861
4_Transposome/JG_CO_207_B	0.000290834292063252	0.00195517934262295	0.00936711531920538	0.0010799675520082	0.000352176050397295	0.00054240336471392	3.13478888298019e-05	0.000585462607383366	5.24490572182284e-05	0.000209730348427832	8.93455807056098e-05	0.000395321375729805	0.00177539429232632
4_Transposome/JG_CO_207_C	0.000289318943571393	0.0021754391108254	0.00453521057558393	0.000913823352464348	0.000323865345438814	0.000546000640692703	2.12400739017012e-05	0.000529407887158357	6.55751482318647e-05	0.000295034441203069	7.99023761129737e-05	0.000461820903788065	0.00169637339987554
4_Transposome/JG_CO_207_D	0.000267241566676333	0.00512452520312654	0.0084603081982168	0.00171571697648604	0.00034017247876399	0.000733578275076668	2.51488573340402e-05	0.00120188407551945	7.86194140557911e-05	0.000422923116403676	3.71278329380517e-05	0.000565572945024301	0.00266677689489506
4_Transposome/JG_CO_207_E	0.000314971941722324	0.00379079710845685	0.0064436940997236	0.00106635435785699	0.000392012583479503	0.000549319392786086	2.76456197127722e-05	0.000540636362726288	5.43186881158553e-05	0.00026957667030092	6.32645470801025e-05	0.000564364529392371	0.00183790552608159
4_Transposome/JG_CO_215_A	0.00024487910350063	0.00222203153966838	0.0113662938326758	0.000612425420727842	0.000282654363465615	0.000352695613579125	2.59656062639026e-05	0.000412214375630216	4.86427376977824e-05	0.000133846286918044	7.67711206918475e-05	0.000283858121820716	0.00139004525630375
4_Transposome/JG_CO_215_B	0.000201968700207202	0.00167490786760537	0.00854621274603701	0.000537793357880971	0.000259109112941464	0.000330533730509252	1.89418450766535e-05	0.000499757071818249	5.34521826057623e-05	0.000185388549785373	5.85321181253775e-05	0.000350426341197291	0.00141831642554787
4_Transposome/JG_CO_215_C	0.000197551479244086	0.00158672298258842	0.00522612349234395	0.00058084473261006	0.000279531253680337	0.000315577268265738	1.99341456214296e-05	0.000415941541872704	4.96577297865642e-05	0.000165307579710776	6.48051380564784e-05	0.000358510938891316	0.00159541863407145
4_Transposome/JG_CO_215_D	0.000197920139398588	0.00214489709773521	0.00675328355098495	0.000667648524973859	0.000271594676831728	0.000406541715245451	3.5839623242133e-05	0.000321707241152507	4.00105460355871e-05	0.000171736434913733	6.51170862410542e-05	0.000348399911339373	0.00150470629002833
4_Transposome/JG_CO_215_E	0.000184115964610938	0.00136001450439184	0.00452892130622172	0.000652334696073875	0.000277268075083508	0.000356606244260873	2.7904345272749e-05	0.00042473828508351	4.94084452178588e-05	0.000149210464081715	5.84017851114691e-05	0.00040537974780824	0.000975977456013243
4_Transposome/JG_CO_218_B	0.000253483138148782	0.00208570108612778	0.0040237946509741	0.000562577676577824	0.00025283851812517	0.000346277816860446	2.81278328321563e-05	0.000450073196102959	4.87962703870877e-05	0.000256201316526631	6.08478263023827e-05	0.000439932315899983	0.00130709955126623
4_Transposome/JG_CO_218_C	0.000151195220059252	0.00189046930080871	0.00511644475436816	0.00059983032024593	0.000263838578271664	0.000385601043264534	2.97994531333919e-05	0.00040076029860443	3.91550829820191e-05	0.000158679134891104	6.3724334945471e-05	0.000314788019019726	0.00123996389325079
4_Transposome/JG_CO_218_D	0.000298275573478068	0.0024992520632029	0.00514210139041037	0.000817582806903431	0.000359116384285286	0.000459375308673294	2.28168631623254e-05	0.000461543182794943	5.73922804556377e-05	0.000183272471864261	7.02052381123805e-05	0.000429114456924628	0.00151409610663288
4_Transposome/JG_CO_218_G	0.000230233329440429	0.0022849995351404	0.00426726221180968	0.000680091844681545	0.000310780162693176	0.000448240436930306	2.99251472552063e-05	0.000435997608355586	4.03327162673277e-05	0.000180136170529403	6.39077189152322e-05	0.000452086671759763	0.00172961459854575
4_Transposome/JG_CO_218_H	0.000227279523199672	0.00177619863867461	0.00459770126701871	0.000577214985193125	0.00030156953551253	0.00037440399238557	2.7040089360093e-05	0.000321183922813359	4.19419094946722e-05	0.000200524906887664	6.04616762813801e-05	0.000394876864739462	0.00150228740289198
4_Transposome/JG_CO_220_C	0.000222636318851884	0.00189076060445182	0.00476655577487726	0.000601593222949163	0.00032450725355116	0.0003716969417246	2.8617508994491e-05	0.000438734871421809	4.99494240428365e-05	0.000235204717481741	6.4764685559828e-05	0.000385359105173282	0.00150847876108371
4_Transposome/JG_CO_220_D	0.000181157497204744	0.00191345717615108	0.00474399827056722	0.000686550727156502	0.000289402285180406	0.000432292336742999	2.6518452887688e-05	0.000568060074236708	3.79461194539105e-05	0.000194066325198511	6.51265216757838e-05	0.00036617135815852	0.00124115241167512
4_Transposome/JG_CO_220_E	0.000184324536378209	0.00221374389377313	0.00447010214272168	0.000741909900620292	0.000275301807131063	0.000332621687840991	3.27363875634777e-05	0.000443544959474213	4.86467098838434e-05	0.000188448696192502	6.11662399868861e-05	0.000434134859113183	0.00145608751952305
4_Transposome/JG_CO_223_A	0.000216424545505822	0.00254891359361844	0.0100282828201455	0.000630164482734122	0.000264693949308431	0.000375260939944649	3.01799958560619e-05	0.000413726209644287	7.30358038698488e-05	0.000194437168572959	5.96705933429994e-05	0.000355598867483764	0.00128894504748328
4_Transposome/JG_CO_223_C	0.00024807508239105	0.00241421262129231	0.00725833693722559	0.00079129888392568	0.000345698929606159	0.000453444942156265	3.4787066202391e-05	0.000490003524357329	4.98225519793627e-05	0.000231379163039607	5.46881693577087e-05	0.000391100447395164	0.00187979991842597
4_Transposome/JG_CO_223_D	0.000214305746850073	0.00174690857376074	0.00532069840375987	0.00068386409447664	0.000346465869156768	0.000382105065707002	2.79210436444445e-05	0.000469569793148919	5.57678001983844e-05	0.000192608863139734	7.11556739685432e-05	0.000399394198037679	0.00155547763519413
4_Transposome/JG_CO_223_F	0.00023236218925234	0.00444306913720568	0.0236023843857568	0.000987901957031188	0.000275542305307718	0.000361527807911671	2.46824540283387e-05	0.00061949650443475	4.58519464735382e-05	0.000176295359528019	6.22379856756399e-05	0.000502996860068596	0.00216877933683177
4_Transposome/JG_CO_224_A	0.00022927747837702	0.00221632389987538	0.00940492880119306	0.00061257818147857	0.000300230474599117	0.000304237340771787	2.9894240249633e-05	0.000418055256835706	4.76495415681155e-05	0.000202514123786217	5.57487160907383e-05	0.000347171065121742	0.00162750508310762
4_Transposome/JG_CO_224_B	0.000196998766023819	0.00175731407748648	0.0047935192714652	0.000538554357804204	0.000232236647522356	0.000323210521363467	2.08959822462622e-05	0.000329042810837115	3.4074228985444e-05	0.00015889148958947	5.18856075603699e-05	0.000320965850832034	0.00164515593711727
4_Transposome/JG_CO_224_C	0.000216010927161611	0.00199129248956479	0.00653228193923246	0.000739324055500571	0.000269404019419656	0.000304755976080807	2.94600536708376e-05	0.000343472082094803	4.22724922172469e-05	0.000184510226423919	5.70986504219182e-05	0.000356428775278867	0.00166551749193061
4_Transposome/JG_CO_224_E	0.000177482226493318	0.001997193234864	0.00763088029851971	0.000538848011483951	0.000218046154222061	0.000283878013355513	2.90423958112331e-05	0.000409480632515174	4.63590793985614e-05	0.00012911170372949	4.96426851679885e-05	0.000290706685964277	0.00125340860667547
4_Transposome/JG_CO_224_F	0.000176900149700315	0.00182910200836841	0.00517059730706317	0.000602834227772233	0.000240537885722364	0.000320525957347456	2.86605871846402e-05	0.000356076468563492	4.28509401076071e-05	0.000162726936519646	4.36479837500374e-05	0.000304874134706681	0.0013419511213742
4_Transposome/JG_CO_225_A	0.000186039052061145	0.00262511058865538	0.0108652536878398	0.000609209802555903	0.000326054396435951	0.00034101029484655	2.80660961059841e-05	0.000392561428440611	3.56603495632445e-05	0.000129733620550276	6.26045121409969e-05	0.00031493882935063	0.00157521506985703
4_Transposome/JG_CO_225_D	0.000224553331402924	0.00214680401555247	0.00765135556902789	0.000688471021945713	0.00029454805409105	0.000362303723387553	2.33570677805541e-05	0.000471388076934185	5.18389463763919e-05	0.000156976741871525	7.53046426954078e-05	0.000373637102921302	0.00176869837605587
4_Transposome/JG_CO_225_F	0.000184926581995775	0.00231242573671836	0.00675275938159785	0.000564524296786932	0.0002771579405464	0.000332903401861169	3.49531731000563e-05	0.000298136343396051	4.98931646923742e-05	0.000140382874295175	5.47999660523803e-05	0.000418543434811676	0.00145154343928812
4_Transposome/JG_CO_229_A	0.000257689284940533	0.00179229467339567	0.00787611827295086	0.000567707039693028	0.000277367848167581	0.000256667791915613	2.86627074064732e-05	0.000385741587490904	4.32469590229447e-05	0.000164783030493868	5.22100682639444e-05	0.000376990294912244	0.00138493975737201
4_Transposome/JG_CO_229_C	0.000233003679379222	0.0014045453457325	0.00530147209143883	0.000524376490140022	0.00026024602447862	0.000346473990005893	2.61202617691511e-05	0.0004382582390571	3.85009839215669e-05	0.000152907461692964	5.58191080999642e-05	0.00034043291810607	0.00113310524714598
4_Transposome/JG_CO_229_D	0.000249208332925114	0.00198692278986941	0.00648452818588574	0.000624385422024678	0.000293609506325705	0.000302654102794758	2.51902967566006e-05	0.000415395885400729	4.48844681801019e-05	0.0001168074874855	4.23263298135967e-05	0.000390727129629024	0.00134509183189894
4_Transposome/JG_CO_229_E	0.000233865956835227	0.00322625494036222	0.0164406001448477	0.000880094148786731	0.000303240712228864	0.000343536809252488	3.78177590546299e-05	0.000497888412136051	3.67700690949343e-05	0.000196554048404483	5.60248127216555e-05	0.000447514060718738	0.00233147215904101
4_Transposome/JG_CO_230_A	0.0001866231101332	0.00200687795749435	0.00774948105634835	0.00063794729430032	0.000277768930727788	0.000348853870482362	3.17876748551745e-05	0.000468131500843035	3.57294214187458e-05	0.000135102166301052	6.15259817242332e-05	0.000302281113612629	0.00120248898978693
4_Transposome/JG_CO_230_B	0.000282669511093158	0.00537122009459718	0.0232009445950586	0.00097467211578485	0.000302292293506877	0.000360552156631722	3.1104381537916e-05	0.000393526165496481	4.24999254762038e-05	0.000132813359154988	4.82553840489361e-05	0.000355378779901689	0.0034458812032524
4_Transposome/JG_CO_230_C	0.000228451845812016	0.00412671453646835	0.0176805699031555	0.000672269206868598	0.000236579283925245	0.000383051964620039	3.08776282260843e-05	0.000427049863898992	5.25685930682606e-05	0.00013436006629613	5.41949116142557e-05	0.000402163154789878	0.00181354621295198
4_Transposome/JG_CO_230_E	0.000252058842093111	0.00165210963081748	0.00541473880981066	0.00062774376742879	0.000333234433695819	0.000377565938979512	3.61190553033711e-05	0.000344934225963121	4.11128438102534e-05	0.000208276398686189	7.32830790768555e-05	0.000447339125412089	0.001482590744382
4_Transposome/JG_CO_230_F	0.000194944094537418	0.00252767910136504	0.0093104817729937	0.000796605518571662	0.000402484691686303	0.000376574687904632	3.34954227922057e-05	0.000481322414100349	7.00288427230043e-05	0.00016032240967418	6.2706100451361e-05	0.000358551885132499	0.00190866125209127
4_Transposome/JG_CO_232_A	0.000201756665677476	0.00179101658793589	0.0043334713660682	0.000645668915095808	0.000291135221324339	0.000390258285808542	2.45868565006521e-05	0.000332388116527277	4.69419314432848e-05	0.000187141671010443	6.17486646775721e-05	0.000313853582319831	0.00126711547249464
4_Transposome/JG_CO_232_B	0.000177340553344004	0.00267194948839629	0.0110119538884718	0.000684119986795185	0.000249922031747466	0.000389105330029301	2.35814370102508e-05	0.000497557088806961	4.6459865346071e-05	0.000197790241294718	5.3684701879635e-05	0.000378989417781101	0.00166592514691544
4_Transposome/JG_CO_232_C	0.000189510225553847	0.00128043145986849	0.00364942182570365	0.00057766810217444	0.000241896670479081	0.000311861284031023	3.23059883296475e-05	0.000390942920016722	5.07623160771891e-05	0.000140713855529177	5.93380995428254e-05	0.000303683207886259	0.00109530656197793
4_Transposome/JG_CO_232_F	0.000215613947560446	0.00259474062910892	0.0169686217108246	0.000878932780612806	0.000330875567523536	0.000567719615765572	2.34989220884724e-05	0.000424272917146865	4.19498597201131e-05	0.000208144370049921	6.31095100996737e-05	0.000425679835515053	0.00114767543046912
4_Transposome/JG_CO_235_A	0.000231838171379072	0.00555565344282281	0.0302317291508839	0.000871476925016593	0.000271326647098084	0.000407185090327043	3.07351073819621e-05	0.000374574663680577	3.5865331713559e-05	0.000138673272834556	6.6846697620971e-05	0.000304358207246316	0.00235639125031369
4_Transposome/JG_CO_235_B	0.0001917330143608	0.00194467680691547	0.00518284797813725	0.000555553345566442	0.00025604174621752	0.0002922507614126	3.01896477908479e-05	0.000358367036269889	4.32496334433969e-05	0.000125809172668021	5.96929253681667e-05	0.00033668927197304	0.00124377958664346
4_Transposome/JG_CO_235_C	0.000277874234963116	0.0021734735136586	0.00671477754607796	0.000534672805599611	0.000248166158039151	0.000365579048661753	2.53010350056658e-05	0.000353765619260866	3.97779210571511e-05	0.000109253839108051	5.0403134025277e-05	0.000276503695991161	0.00110493526885872
4_Transposome/JG_CO_235_D	0.000231863883227511	0.00235139286446232	0.00970966428105799	0.000640571412912574	0.000295897561674942	0.000341252100762315	2.27022312304008e-05	0.000479464184162461	3.72702566680851e-05	0.000125106734221182	5.94442705379919e-05	0.000401780423939708	0.00125298370031478
4_Transposome/JG_CO_235_E	0.00021630311420338	0.00214838347973022	0.00793834541083287	0.000592040619701343	0.000184545257820692	0.000318221948010194	2.7467809377303e-05	0.00034607396394969	4.26037696966684e-05	0.00012284774825319	5.54838700938556e-05	0.000331372095065764	0.00146431109894791
4_Transposome/JG_CO_239_A	0.000199893367411679	0.0021311455562677	0.00810154032354883	0.000540987348254269	0.000247926091109531	0.000285735021585373	2.78144796344552e-05	0.000396273709017404	4.44143138011659e-05	0.000172703162302392	5.44399079192257e-05	0.000278642211966051	0.00132943626707955
4_Transposome/JG_CO_239_B	0.000217742824463493	0.00534915762661905	0.0197623694916042	0.000669476401315487	0.000305238689645744	0.000378087651342782	3.09835995199993e-05	0.000432954494845256	4.18182944411244e-05	0.000118151128069653	5.40223127257311e-05	0.000350814092994677	0.00190732356471389
4_Transposome/JG_CO_239_C	0.000214031908971414	0.00183116880692268	0.00570876454508008	0.000690920759816705	0.000275919197747355	0.000329406451502457	2.63087093816659e-05	0.000384205725546874	3.74525358028637e-05	0.000136498501455306	7.66254929695981e-05	0.00037728315860465	0.00116757880818417
4_Transposome/JG_CO_241_A	0.00018440510471936	0.00185989928421687	0.00655525859964761	0.000624685253815497	0.000259299580317217	0.000299457754257736	3.29775804006774e-05	0.000503377608740742	4.0034395720457e-05	0.000185970131284278	5.79910149444954e-05	0.000361703189364715	0.00110378330459595
4_Transposome/JG_CO_241_C	0.000194649235114401	0.00222158183771091	0.00925984557412175	0.000551086875999904	0.000262082217907994	0.000362993598249509	3.35577083503085e-05	0.000362667028189567	3.94683946292626e-05	0.000162422023896391	5.94320322097791e-05	0.000259795398145393	0.00137548761832988
4_Transposome/JG_CO_241_E	0.000191235360135999	0.00213016924145723	0.00727840383613181	0.000576951844504187	0.000207003936084373	0.000311257082363134	2.41214210371411e-05	0.000455100123677528	3.88456200762943e-05	0.00012050856865087	5.81052334326843e-05	0.000349710295947964	0.00152982159684487
4_Transposome/JG_CO_241_F	0.000164533767790526	0.00245662644069421	0.00640769815249651	0.000363572416251115	0.000280980497583019	0.000295239107374547	2.93185841815919e-05	0.000349765240050924	4.97392289804899e-05	0.000114675761702426	5.7665451404215e-05	0.000297923300363997	0.00139892022084813
4_Transposome/JG_CO_242_A	0.000157741636512247	0.00345412138758182	0.0156525084242946	0.000687850198121026	0.000249582927968748	0.000316422577684604	2.95982698869247e-05	0.000397738885300622	5.54614694984974e-05	5.76519006587096e-05	5.85704488707439e-05	0.000371993662895207	0.00194169200030977
4_Transposome/JG_CO_242_C	0.00019087056362232	0.00227678236925931	0.00912798579955226	0.000567471692138585	0.000263050900209786	0.000339429275382246	2.98076313472243e-05	0.000425661911484905	4.17605538310374e-05	0.000165354857500371	5.57248849675202e-05	0.000319452260823491	0.00115597855016908
4_Transposome/JG_CO_242_D	0.000175460753888298	0.00301700685196116	0.0126809602090348	0.000852038006264094	0.000309330491615732	0.000420390623207362	2.41214970778336e-05	0.000372103820199662	3.45188751090679e-05	0.000164761209865045	6.81737461446469e-05	0.00052897974960886	0.00128323656005736
4_Transposome/JG_CO_242_E	0.000165026123322973	0.00238728718839868	0.00930455353817958	0.000535102841015679	0.000257750504965982	0.000344731599269371	2.71622718590895e-05	0.00040140970567786	5.37176956369781e-05	0.000186460240769638	5.69832037369645e-05	0.000306328080565859	0.00159029852001499
4_Transposome/JG_CO_243_A	0.000199736309522183	0.00297597585088285	0.0123088827926228	0.000569994446717285	0.000242814008823949	0.000320377975576861	2.65825983461902e-05	0.000389766943356694	4.57845700137396e-05	0.00014463981436184	5.02435189657319e-05	0.000389475876074951	0.00143421101939802
4_Transposome/JG_CO_243_B	0.000267143700741399	0.00409017694744528	0.0200476650222578	0.000883077899300849	0.000244947108571927	0.00038974772980023	2.50267742734432e-05	0.000435440361145013	5.45117910766263e-05	0.000158190341260475	5.79534439981216e-05	0.000396528376649876	0.00196914086097653
4_Transposome/JG_CO_243_C	0.000228121745650335	0.00374186899939835	0.0139407137114125	0.000654480368975871	0.000274055362433723	0.000295198735259858	2.28437016819492e-05	0.000412722280783135	3.55065587536515e-05	0.000125952308567057	5.86264973906011e-05	0.00036948470940109	0.00173571800382217
4_Transposome/JG_CO_243_D	0.000190798563675328	0.00250342372563019	0.00804723670616882	0.000578124821370548	0.000249079371038387	0.000305360413694696	3.26419120145716e-05	0.000422379015862084	4.27912552054207e-05	0.000183075392053161	5.71200603942731e-05	0.000295997406224759	0.00152882358732642
4_Transposome/JG_CO_243_E	0.000287524960888566	0.0023604153487825	0.00841854444494496	0.000560623292999624	0.000258645950885558	0.000385889120486619	2.34241009998579e-05	0.000343874329779474	4.20146768235855e-05	0.000187319037422938	5.95097879883225e-05	0.000346040010762311	0.00137042952884435
4_Transposome/JG_CO_243_F	0.000223922765445203	0.00508501905265904	0.0213121120524943	0.000548569128884136	0.000272138525851395	0.000392175731050516	2.77845803320149e-05	0.000447613590674205	5.00920428235977e-05	0.000157969393525001	6.34482258666802e-05	0.000522353756493493	0.00217783611809085
4_Transposome/JG_CO_244_A	0.000243843237644178	0.00180088212725811	0.00419764535062238	0.00099303617692104	0.000287738585601088	0.000415486920040937	3.17618041842677e-05	0.000416946358233721	3.80477413893555e-05	0.000194535917467186	7.04422945486965e-05	0.000471025786835695	0.00130623321097852
4_Transposome/JG_CO_244_B	0.000162872351524227	0.00249060480035003	0.0100025340066423	0.000608163103068105	0.000246501774746723	0.00036251165006053	2.97874456605539e-05	0.000355168229524151	3.67875560549869e-05	0.000168670464618437	5.73582172673916e-05	0.000387451765396649	0.00142408039931071
4_Transposome/JG_CO_244_C	0.000170910340350126	0.00217564146617919	0.00851420032766955	0.000569905934204379	0.000241813928999615	0.000326434168781138	2.18387570223429e-05	0.000403079468456148	5.31388082088824e-05	0.000164999248635949	5.12603050278032e-05	0.000265439499590688	0.00122051608401767
4_Transposome/JG_CO_244_E	0.000216039846816136	0.00206510958990601	0.00618623401041905	0.000556279834440549	0.000260464704835825	0.000315125142655526	3.77099797425912e-05	0.000358619997996484	4.05403847086299e-05	0.000157875293369253	5.02073065188154e-05	0.000309441422515339	0.00131384064610698
4_Transposome/JG_CO_244_F	0.000189905930495741	0.00243934806014848	0.0122813152136899	0.000604041797986098	0.000205255294605842	0.000328229369930633	3.0034100357743e-05	0.000350488776468965	4.63298631391655e-05	0.000165991385460916	5.22419847781541e-05	0.000274723396478514	0.00165209158289516
4_Transposome/JG_CO_245_A	0.000155770760137457	0.00448880129827736	0.0187479281808667	0.000787161043157124	0.00029264266698544	0.000390909003341581	2.73082426169083e-05	0.000410268237706011	5.04432379218653e-05	0.000161561794011973	5.58807992130364e-05	0.000504790530990052	0.00206809817884304
4_Transposome/JG_CO_245_B	0.00017296134792912	0.00230258092153535	0.00749697828716601	0.00048131207614569	0.000216393016817829	0.000314938141132524	2.53607826662565e-05	0.000374309171550133	4.06257455613699e-05	0.000113849810643096	5.13047127553812e-05	0.000332601629673159	0.00142591957135968
4_Transposome/JG_CO_245_E	0.000245949934046774	0.00188456129061656	0.00710627295709737	0.000544220098206822	0.000268164718834059	0.000358327617700471	3.75480365871047e-05	0.00042582783776354	4.10407263178847e-05	0.000125860458175258	5.78265611295494e-05	0.000341692525761332	0.00122730326979673
4_Transposome/JG_CO_246_A1	0.00020568088088064	0.00139108206228879	0.00549941021893698	0.000690333789458247	0.000351396774110295	0.000324008379026649	2.88654717757139e-05	0.0004245807285668	3.97724218941566e-05	0.000136649838754996	7.32538732353577e-05	0.000300940157665353	0.00133492730682901
4_Transposome/JG_CO_246_B	0.000202821232759027	0.00191133500791405	0.0106196864035127	0.000646136251435925	0.000226923763933594	0.000303342506806764	2.42926619048288e-05	0.000364142963637206	4.62775308448704e-05	0.000138270980637878	5.47443609017288e-05	0.000345887815751926	0.00165016263189789
4_Transposome/JG_CO_246_C2	0.000177961316503018	0.00172492723231551	0.00457283569122181	0.000769316630722665	0.000291074272968771	0.000338482934256473	3.07489210500836e-05	0.000423936617363676	5.04699816291899e-05	0.00019170942047427	5.29539915397225e-05	0.000436790581083978	0.0014322569381748
