Species	-	Copia	Gypsy	Harbinger	Helitron	L1	MSAT	MuDR	RTE	SAT	SINE2/tRNA	hAT	unclassified
4_Transposome/JG_CO_011_L	0.00104109023176386	0.0922558158662989	0.4931648380581	0.0168290794601522	0.00277207061344089	0.00457569614319449	4.11982463940997e-05	0.00619187206004959	7.30840554790863e-05	0.00134900763101104	0.000168992309066241	0.00536256897141089	0.0330255563945965
4_Transposome/JG_CO_011_M	0.000996069558783454	0.0931790524313156	0.505608488449526	0.0172261665294065	0.00278196949404863	0.00456966896298863	3.61729788915844e-05	0.00649431986004789	7.04466546781704e-05	0.00131971442071279	0.000173531847945431	0.00539292853920647	0.034920048587542
4_Transposome/JG_CO_011_P	0.00136842690022319	0.0936275259033563	0.507136288994689	0.016922400874354	0.00286767287013562	0.00466595349790529	4.17738151941102e-05	0.0066770875844535	9.45377620168986e-05	0.000880264029635716	0.000174877091371467	0.0052839403260477	0.0343655503483651
4_Transposome/JG_CO_028_C	0.00165286867871106	0.0937271790115873	0.51061628358528	0.0168575003166092	0.00279519123054328	0.00451298449666336	5.03776267797958e-05	0.00634349433917099	7.90894093195179e-05	0.00108184556553391	0.000169274249655715	0.00535318568686548	0.0342101229814351
4_Transposome/JG_CO_028_F	0.00158708827697693	0.0809250068076432	0.415313767150251	0.0192711254982833	0.00283070284609902	0.00450718122863702	6.04168958136853e-05	0.00527382753079597	0.000106451446605232	0.00113581206818512	0.000206858958815988	0.00545749814445402	0.0378039631495726
4_Transposome/JG_CO_045_A	0.00114189630573677	0.107691076551011	0.505298420205936	0.0145653703203598	0.00267398869048217	0.00442584615433457	4.10831234643022e-05	0.00635033644383284	0.000104390177991476	0.000776077545058426	0.000165829696742473	0.00499270175735413	0.0352434882607569
4_Transposome/JG_CO_045_C	0.00111300780272503	0.0844661780374682	0.465913738695915	0.0167196327219547	0.00266692411461317	0.0039658774155928	5.01103431853475e-05	0.00639082691945342	8.24690622339299e-05	0.00127342500791213	0.00014547330214909	0.00504777056533935	0.0329976468309984
4_Transposome/JG_CO_045_D	0.00108279952189276	0.0841329982967948	0.446005584495012	0.0176886362600186	0.00280141210220347	0.00433916093715349	6.52274455606364e-05	0.006228683600634	8.42765259241114e-05	0.00124613240340882	0.000188286160079147	0.00537344855472195	0.0322826203840072
4_Transposome/JG_CO_045_E	0.000912533152221056	0.112706280373619	0.51070089450742	0.0135596132641835	0.00244162613645671	0.0047642286588475	6.10105059706753e-05	0.00625523262380479	0.000100549267863491	0.00119863313990857	0.000163956320865752	0.00483311446751051	0.0376358899598589
4_Transposome/JG_CO_045_F	0.00080154299216677	0.101594710688283	0.48275948423502	0.014157127750517	0.00261239494589493	0.0042969444021019	6.461254002289e-05	0.00585054554481106	9.23298487420651e-05	0.00118798833439262	0.000155855967626158	0.00489795849779678	0.0354210445732216
4_Transposome/JG_CO_045_G	0.00108052438837677	0.0957385808272417	0.47047493315208	0.0152603708121236	0.00253471300607527	0.00420768529016513	5.20818995801644e-05	0.00593164005532312	8.7278733940517e-05	0.00135553869832048	0.000157859957387453	0.00496324059072952	0.0320402856241495
4_Transposome/JG_CO_045_H	0.0016849295023668	0.0872836999415269	0.471071892552058	0.0183232804015874	0.00269468323746071	0.00422227131927393	5.45367142883118e-05	0.00649856881870117	7.19240745965299e-05	0.00111648129783488	0.000165176231057468	0.00527790326550038	0.0309379109056422
4_Transposome/JG_CO_045_I	0.000959378099209034	0.0985016145606435	0.488148826401452	0.014461879216358	0.00263836653608625	0.00431762276370883	5.66405391300892e-05	0.00585746540069505	9.73119094838255e-05	0.00101585539139013	0.000152618902232495	0.00466389594464197	0.0371951122673547
4_Transposome/JG_CO_045_J	0.000925296983169407	0.0837339622681636	0.451749754170987	0.0172503542736357	0.00287378267262996	0.00400421026376543	6.96612624596438e-05	0.0058935162130832	0.000103771185127602	0.00139706757330341	0.000154107157143113	0.00520163411754366	0.0298176802625689
4_Transposome/JG_CO_045_K	0.00106491253819655	0.0990564382808527	0.473716767708614	0.0141801416294246	0.00247264618248815	0.00423947286977	5.06577451658547e-05	0.00573633715934754	9.93229195065544e-05	0.00128894272791091	0.000160509480363859	0.00466875493299361	0.0339750913431091
4_Transposome/JG_CO_045_L	0.00112017842591467	0.105599483010444	0.493796768186658	0.0136735779480419	0.00269487970243233	0.00413247929664447	4.94626366683667e-05	0.00582947404377795	8.68351758815443e-05	0.000989978731487341	0.000170661652583625	0.00497021127880379	0.0383341573422154
4_Transposome/JG_CO_049_A	0.00131198444822486	0.0922034103531543	0.493801270519767	0.0164368082367664	0.00285988573190194	0.00455358769270679	5.24232154375438e-05	0.00611355209032127	8.35976735915282e-05	0.00119624143034985	0.000150314193007396	0.00504864971749573	0.0355232539798227
4_Transposome/JG_CO_049_B	0.00168028561407067	0.102689510049879	0.549101495981456	0.0189674926291482	0.00316652614883409	0.00490089091021833	3.58192706901693e-05	0.0070075908896888	0.00010355711880491	0.00123264638929165	0.000154812092651074	0.00575099743507781	0.0352191296340826
4_Transposome/JG_CO_049_C	0.00141883766653014	0.096400496178656	0.502836706246041	0.0172187846558705	0.00295564975359318	0.00454992366954706	4.13366100643002e-05	0.00643968943653288	9.84121322944047e-05	0.00151675813100315	0.000180866708785637	0.00540125747935283	0.0355876813275633
4_Transposome/JG_CO_054_A	0.00173566225828312	0.108382259173901	0.531533025330765	0.0158076792269206	0.00275683671563009	0.00484007951089303	5.21679653495205e-05	0.0062896457490237	9.48257812372264e-05	0.00164739315513005	0.000172130747309581	0.00518045213631509	0.0340835803819854
4_Transposome/JG_CO_054_B	0.00180162377733805	0.112322539806166	0.526507021331586	0.0161069831085385	0.00277804525242795	0.00505815293447498	5.4063187418539e-05	0.00711421664798485	9.85060883016228e-05	0.00145864555906396	0.000175056996007614	0.00554880073496272	0.03393493236992
4_Transposome/JG_CO_054_C	0.00100172134683589	0.107576124039714	0.523186246454338	0.019241970500703	0.00304351620820307	0.00534939559776182	5.51936727771397e-05	0.00715876883398199	8.17706983703363e-05	0.00164145688135276	0.000189558940308987	0.0061193583415655	0.033191620042852
4_Transposome/JG_CO_054_D	0.00123334972410629	0.123246468742057	0.555272644574759	0.0149303389168409	0.00271998415341662	0.00520087151556449	4.16830561624979e-05	0.00701958817471816	0.000102376477527189	0.00165493015602308	0.000200728526528567	0.00550893393210669	0.0378147476339889
4_Transposome/JG_CO_054_E	0.000969687141128421	0.114481340125597	0.51929644909049	0.0156219799792058	0.00298548468060749	0.00483256153840174	5.33770046368224e-05	0.00717192798761686	0.000127137562687786	0.000981392200922475	0.000178730304771905	0.0055760352663635	0.0349132971205088
4_Transposome/JG_CO_054_F	0.00178855461252121	0.146234687861129	0.684193132795408	0.0177216480610012	0.0034612939722858	0.00570643071048115	7.1038605337117e-06	0.00883863751204109	0.000118830108227763	0.00169900486922054	0.000193606224455658	0.0061068498196947	0.0511875079505008
4_Transposome/JG_CO_054_G	0.00125116878686986	0.113198238561507	0.505658333977493	0.014353978235616	0.00280861531306363	0.00467298467096164	4.72137694177616e-05	0.00688540227436899	0.000113379208983173	0.00120436909284556	0.000167455200018933	0.00510272107303558	0.0363034431111637
4_Transposome/JG_CO_054_H	0.00131315989112772	0.112293367906647	0.522308293927435	0.0155973819381138	0.00306235194545475	0.00483941146793441	5.35890880799624e-05	0.00721447410393717	0.000100519363417857	0.000960661194720003	0.00016939440370959	0.00537622524061912	0.0359863609307799
4_Transposome/JG_CO_054_I	0.00121463772584138	0.1106302375304	0.523317337410335	0.0134980548572069	0.00277702516610996	0.00446179923509115	5.4623138191656e-05	0.00632004329751633	9.10136847821605e-05	0.00093919229425713	0.000151905337102622	0.00488321745925623	0.0393733858886062
4_Transposome/JG_CO_054_J	0.00117732459361729	0.118317798173401	0.539744838147642	0.0149688872582925	0.00281375502120477	0.0049989988358569	5.2551082882584e-05	0.00678676994346057	8.38433874432392e-05	0.00105525431340142	0.000169072308743508	0.00546830056969689	0.0362294685812552
4_Transposome/JG_CO_054_K	0.00152194591681836	0.105611604394893	0.50922121377679	0.016839116259817	0.0027084008782732	0.0047571962146392	4.8933986355439e-05	0.00646771552671717	0.000110733127223171	0.00157140792343734	0.000165598547430257	0.0054023504920493	0.0337879400836299
4_Transposome/JG_CO_055_A	0.00121663760060246	0.103254456671666	0.517499715171813	0.0159762767007203	0.00269805173683738	0.00482407117581737	4.75271520908185e-05	0.00672284209353704	0.000105303414129247	0.00128225738765046	0.000182357457845678	0.00535820228647212	0.0335419693737873
4_Transposome/JG_CO_055_B	0.0010750122673564	0.111366721686009	0.531318111034402	0.0163918613262018	0.00280428974347337	0.0051917636437856	4.96215404722892e-05	0.00656010593554668	9.25635564209877e-05	0.00131341617881047	0.000173692522141483	0.00545384500705923	0.0382772955596216
4_Transposome/JG_CO_055_C	0.00219540712480904	0.111522558096504	0.60451118634297	0.0246349476107092	0.00357554679762353	0.00561034657085482	3.02276646664087e-05	0.00898820903385472	0.00010500459706179	0.00192834517792903	0.000155612346395868	0.00744907021066976	0.0367090384252499
4_Transposome/JG_CO_055_D	0.00159660337916808	0.108080107174829	0.527287722157222	0.0175932927142229	0.00292594685858942	0.00477747871280914	5.51944785871704e-05	0.00708257895237418	9.95095318361192e-05	0.00175196757632565	0.000203878604110278	0.00575151898434828	0.0337241008753786
4_Transposome/JG_CO_055_E	0.00129762699831704	0.109172096880099	0.534556501859785	0.0162142777941781	0.00271360429604119	0.00476476006863008	5.05895229937105e-05	0.00690372846532173	0.000110331257946161	0.00145647414805751	0.000167437568579421	0.00533750473625335	0.0341117664026524
4_Transposome/JG_CO_055_F	0.00124874612818213	0.105727384410465	0.513199208342051	0.0157420975293082	0.00275344785039436	0.00502164997548798	4.98690301681759e-05	0.00622314838072294	8.80727858448152e-05	0.00154620657807911	0.00017144096145739	0.00528231899895314	0.0327928090268413
4_Transposome/JG_CO_055_G	0.00140178019042249	0.109447348078591	0.546052634750728	0.0190201884611736	0.00313459818668241	0.00520889563150507	4.67247089629679e-05	0.00727086457739239	9.19977478072193e-05	0.00105019898212199	0.000176550972225931	0.00619580176597141	0.0333188291823041
4_Transposome/JG_CO_055_H	0.0016378083689477	0.106030753105606	0.508686010464301	0.0163531465058242	0.00274661361358333	0.00499475119683526	4.92176632249257e-05	0.00697396939606547	0.000106449270803865	0.00136349855327022	0.00017409288636098	0.00560534763053014	0.0339975556920302
4_Transposome/JG_CO_055_I	0.000876695743277483	0.100523447804986	0.514801893706475	0.0168460243669528	0.00277630742617526	0.00474097699550324	4.99413187047182e-05	0.00670664639762835	8.42167696848139e-05	0.00164106724061184	0.000182410177257232	0.00527727837130111	0.0336061272022488
4_Transposome/JG_CO_055_K	0.00107414312170866	0.118822789293199	0.547344543689015	0.0133449531460747	0.00273081385719365	0.0047434593714869	4.31946319366254e-05	0.0067157219765067	9.56318379913479e-05	0.00137402822400954	0.000174629259190745	0.00501346902513686	0.0409021244758071
4_Transposome/JG_CO_059_A	0.00120335557280805	0.0854950884583468	0.478794152791154	0.0181717662074111	0.00290437539582036	0.00464753245108698	5.33385493402489e-05	0.00648405909450255	9.36295184841368e-05	0.00171964732278299	0.000157201476916225	0.00525507427084407	0.031187607883971
4_Transposome/JG_CO_059_B	0.00130488195865696	0.101195043912237	0.517446334593783	0.0164350346505819	0.00264214915530079	0.00473731440694377	5.45416589297553e-05	0.00631236532129963	9.00800286573657e-05	0.00148880847469145	0.000148350614947303	0.00541240887340783	0.0332185725345177
4_Transposome/JG_CO_059_C	0.00148879446662421	0.105061501817614	0.528245539301064	0.0182201003138896	0.00286168605320063	0.00493568129294734	5.12497664998821e-05	0.00698129329408339	0.000106639512346642	0.00164283486861633	0.000189917746449607	0.0059340473862291	0.0330192714019578
4_Transposome/JG_CO_059_D	0.00137656725908257	0.101318726408795	0.510120697432613	0.0155506461980247	0.002666641108071	0.00462029153334359	6.25032843828465e-05	0.00640831104070281	9.97176327984153e-05	0.0015340116712371	0.000169604149856274	0.00511540476098978	0.0325288347677256
4_Transposome/JG_CO_059_E	0.00134997117922493	0.0987196494276608	0.502482892433169	0.0164622545405614	0.00260167404295086	0.00467619192675157	5.53244847133257e-05	0.00656005954104026	7.60408319031273e-05	0.00164189709393893	0.000167987586193658	0.00526879730833642	0.0337190282951398
4_Transposome/JG_CO_059_F	0.0016565467217388	0.0952661507508711	0.501923333455483	0.0177608637124013	0.0026379670846406	0.00447750500176012	4.68773312432097e-05	0.00667622072329683	8.64114116658613e-05	0.00198419254108598	0.000154156425998012	0.00546425747318756	0.0317104173688961
4_Transposome/JG_CO_059_G	0.00156240715739203	0.0974563388174843	0.508218970728124	0.0172382296710264	0.00259725168153926	0.00458974304676467	4.49120045608004e-05	0.00619502200968166	8.96304709447861e-05	0.00167921409447556	0.000173197808436561	0.00522485670849293	0.0342830258000801
4_Transposome/JG_CO_059_H	0.00183053926451107	0.0858916767686877	0.479274657038132	0.0187340278117905	0.002642199073849	0.004488650361934	6.0489998258825e-05	0.00645861111747562	7.51089383500542e-05	0.00191459689706448	0.000157821653095747	0.00533244105786471	0.0321145423613529
4_Transposome/JG_CO_059_I	0.00142055929136444	0.0973364561594755	0.50555914103048	0.0162296240004153	0.00263386580724777	0.00464281930470542	6.37302053154936e-05	0.00618130199000473	0.00010122979026786	0.00147149016118618	0.000152831270529241	0.00526289434794338	0.033950267881319
4_Transposome/JG_CO_059_J	0.00148509494681896	0.0974333272002726	0.497075058124793	0.0139873067642284	0.00256053640384941	0.00421459861229495	5.77964081612761e-05	0.00625558119652474	8.37572330109816e-05	0.00119237163793924	0.000145945415910399	0.00467883009202506	0.0339790992254387
4_Transposome/JG_CO_059_K	0.00204041165884694	0.086372713394683	0.478576607377907	0.0196613125349782	0.00276985508627952	0.00462876325493213	5.56096901033565e-05	0.00680654743071617	8.59784885831974e-05	0.00184603505419471	0.000188375661798373	0.00574505213357992	0.030427393910518
4_Transposome/JG_CO_059_L	0.00140198961880141	0.0962831527254021	0.477369387254132	0.0133888742840004	0.00241448594026582	0.0041821793672945	5.49934776610319e-05	0.00597500637742126	8.48894502233867e-05	0.00120148173747692	0.000145313145705548	0.00438633818297989	0.0322462537716403
4_Transposome/JG_CO_064_A	0.00137651623244106	0.102524243068474	0.495907316431912	0.0163182381193009	0.00263661894543979	0.00494389788338111	5.68018117190723e-05	0.00628824096338201	0.0001037900800402	0.0013355561225091	0.000165981704969985	0.00517640763466	0.0320269546342693
4_Transposome/JG_CO_064_B	0.00161824040709743	0.0895615229929068	0.478792864292474	0.020480134760779	0.00313871117171537	0.00469123792982086	5.3961178666689e-05	0.00674238510029154	8.29810796534941e-05	0.00117189774180573	0.000187947064108539	0.0058516390371925	0.0298332093032128
4_Transposome/JG_CO_064_C	0.00134951649788059	0.103296291375955	0.481492571216354	0.0166581815508273	0.00287692204027028	0.00491616274785687	6.03745908726922e-05	0.00670891147448385	9.06331935821606e-05	0.00106267795368587	0.000181272013076544	0.0054898567433438	0.0311456606675738
4_Transposome/JG_CO_064_D	0.00196981061115915	0.0935114719270623	0.455933290931555	0.022998676572568	0.00337197341521742	0.00518529152898071	4.78565502833291e-05	0.00749437553654901	9.53244107485099e-05	0.00126154298151323	0.000213427614067377	0.00669181530782231	0.0268381154046859
4_Transposome/JG_CO_064_E	0.00135671601168753	0.100161608518416	0.488771533620119	0.0165950660052785	0.00268568783053543	0.00464562174844062	5.20079864729619e-05	0.00635173120174372	7.73187929159256e-05	0.00103685612051689	0.000165488998186722	0.00546322006761051	0.0294647195802781
4_Transposome/JG_CO_064_F	0.00128438327144148	0.104164108702264	0.507057555134304	0.0174174797236221	0.0028200968065924	0.00480888754810386	5.18521609136667e-05	0.00675464136882227	8.77974470690107e-05	0.00181943198813228	0.000171343287167774	0.00563727996471216	0.0336691425965763
4_Transposome/JG_CO_064_G	0.00128053888477376	0.103723125778569	0.494110196670732	0.0166600873232781	0.00286059398179862	0.00483044147936108	6.73317488738426e-05	0.00665336704075893	0.000103104330314038	0.00193004732008414	0.000170782208117513	0.00541178753813623	0.0313457568847087
4_Transposome/JG_CO_064_H	0.00166966591216776	0.105428159277847	0.504157527515889	0.0175113524161761	0.00276893129296169	0.00512551019764887	5.51637949900816e-05	0.00665018529650075	7.46507270631646e-05	0.00172950317974565	0.000187622239504898	0.0055537403405398	0.032650608570132
4_Transposome/JG_CO_064_I	0.00171047363023215	0.109218326515325	0.514586047172723	0.0174185920436683	0.00286054482187295	0.00523710647499685	6.95963990919969e-05	0.00716885434335045	0.000103032508804392	0.00113152347857227	0.000187439956986975	0.00561557844868295	0.0342199381294678
4_Transposome/JG_CO_064_J	0.00100009303209562	0.102162418975226	0.505949730744345	0.0180636176099104	0.00284361180399534	0.0047877636538712	5.96448670344818e-05	0.00644956910093329	7.33077279686478e-05	0.0013772510282815	0.00017004652640152	0.00568979657326504	0.0318653083019445
4_Transposome/JG_CO_064_K	0.00111227892167477	0.0914217443237578	0.47885860068268	0.0202246510387265	0.00305780624684415	0.00467652792842621	4.8226567906723e-05	0.00669648911280397	0.000105634093945336	0.00147582567049655	0.000175942469001752	0.00617779453146681	0.0303343336386731
4_Transposome/JG_CO_064_L	0.00145703103202321	0.112973807595349	0.524043775154354	0.0165029727472203	0.00278517207279745	0.00506673772102998	4.74656995566633e-05	0.00677255194924272	8.30042269693955e-05	0.0013541905026124	0.000174742894665188	0.00555546503190985	0.0353774191506475
4_Transposome/JG_CO_069_A	0.00116920483495709	0.0883507381850194	0.465918333411076	0.0176487091542414	0.00270452844660531	0.00455489631200373	6.28658305645048e-05	0.00604327953161088	7.78738568930366e-05	0.00158000931070358	0.000147332502123124	0.00538348770131313	0.0326732409226577
4_Transposome/JG_CO_069_B	0.00130097032730625	0.0904609138548212	0.474405332453844	0.0180410949401819	0.00261039792870024	0.00445847239421498	4.18695580738894e-05	0.00616616784514548	7.36868254794848e-05	0.00158398408777915	0.000158584513596045	0.00547675497378637	0.0338241410165213
4_Transposome/JG_CO_069_C	0.00105292258775572	0.0874396129459802	0.455113049526725	0.0152074710755758	0.00248471573273149	0.00418608322615604	5.41037851215688e-05	0.00573763327958045	6.66957191441882e-05	0.00175665036945029	0.000168976307744426	0.00480892616535772	0.0361153146905552
4_Transposome/JG_CO_069_D	0.00135705068614112	0.0810882858559459	0.428103879061952	0.014854421576906	0.00229716786692937	0.00384658141522427	5.46734327500035e-05	0.00545602005584711	7.86053052474362e-05	0.00119838370670092	0.00013879663328721	0.00445607010082704	0.0318888642999524
4_Transposome/JG_CO_069_E	0.00141058741404078	0.0865599833161354	0.464057003109037	0.0172913486933307	0.0024569642901927	0.00440326470526988	4.86805540506689e-05	0.00597243495417748	8.44446541368124e-05	0.00146954052017484	0.000146902282592898	0.00534687237776971	0.0292046719835878
4_Transposome/JG_CO_076_A	0.0015388676459243	0.111546183319764	0.556000164801711	0.0170300796200368	0.00323133629236724	0.00506397909366949	4.74162598454838e-05	0.00660350129156033	9.73505511564015e-05	0.000936226212584167	0.000171557466818857	0.00537632693423457	0.0414683003281802
4_Transposome/JG_CO_078_E	0.001799866434816	0.120643379831648	0.594862449559954	0.0193056399999865	0.00323125238702479	0.00555652325997404	3.61630058357292e-05	0.00739234400698429	0.000117160208118986	0.00177844461858014	0.000185202126686833	0.00608641217033982	0.0412219758365285
4_Transposome/JG_CO_080_B	0.00101165597254636	0.10841971530438	0.490115097697572	0.0137641974393784	0.00269255877862398	0.00465030526293353	5.39725819155537e-05	0.00589920258158529	0.000110802334829509	0.000740549859709966	0.000190843192851959	0.00500640863677461	0.0462599717164542
4_Transposome/JG_CO_080_C	0.00139893656194961	0.0838601315047025	0.432343036108682	0.0140297492022846	0.00258725795428312	0.00385765099173178	5.42835327176001e-05	0.00547217193387885	8.32963462528968e-05	0.00120379075842888	0.000143840743137601	0.00447802431405646	0.0317965502238906
4_Transposome/JG_CO_080_D1	0.00126772954196842	0.0936251748447576	0.49501807863576	0.0175304939823809	0.00274010902585544	0.00458665659009061	3.93233253895142e-05	0.00634055701454431	9.63192549361223e-05	0.00119053796458759	0.000158441689479336	0.00528461065018086	0.0328711674803518
4_Transposome/JG_CO_081_B	0.0017824703596011	0.0877809494147695	0.462300003990433	0.0170991353783641	0.00262835366017141	0.00428114204844278	5.50715076008619e-05	0.00579185765165529	9.15398586916101e-05	0.00140286062703748	0.000187693073125312	0.00516497705971357	0.0313401380432571
4_Transposome/JG_CO_081_D	0.00239267350109589	0.0908241832333083	0.477829010721013	0.0182496112030119	0.00282944830546432	0.00460772931846561	4.98109712485718e-05	0.00641318674115082	7.16740898400355e-05	0.00147742469021617	0.000168838154922808	0.0055702315083838	0.0345394529667674
4_Transposome/JG_CO_085_A	0.0014404103709248	0.107930151351664	0.496712312129079	0.0122765068710905	0.00273714318561037	0.00451158287436715	5.23905441737473e-05	0.00622823070547971	0.000113375840220492	0.000984812793220929	0.000145648970152962	0.00459636977371326	0.0474560007667472
4_Transposome/JG_CO_089_A	0.00187671005441939	0.0989706682698025	0.539733724512286	0.0188405487575764	0.00316593618259913	0.00482289202299374	3.80687715525512e-05	0.0070366660218268	8.08654344159504e-05	0.00169359978671501	0.000158294127904963	0.00570011749099517	0.0365146085719301
4_Transposome/JG_CO_089_B	0.00185907395094719	0.0985977977608202	0.528933726095364	0.0185447571310355	0.00309178733784415	0.00506079051207805	4.27406464358308e-05	0.0070553421834975	9.62037715825948e-05	0.00169302183859332	0.000163817284804792	0.00567340821651736	0.0348266789600193
4_Transposome/JG_CO_089_D	0.001236105426463	0.0935549798628049	0.503170686409038	0.017229536101486	0.00301300604109297	0.0045316809766301	5.05686706611794e-05	0.00665770731603414	9.92773591186795e-05	0.00144150264858462	0.000160121668904291	0.00521209970048597	0.0331412599720197
4_Transposome/JG_CO_092_A	0.00212233950698171	0.0960574533545224	0.521930113668323	0.0177987044515821	0.00292303515796548	0.00478478525695117	3.39254897660755e-05	0.00669586782856194	9.0888333292252e-05	0.00145849022613072	0.000189715437880713	0.00543478473920996	0.0359448605199027
4_Transposome/JG_CO_092_B	0.0013380342844237	0.0973130484904552	0.527854595578837	0.0178673431466701	0.00295087302502399	0.00472920497903156	3.74775067311894e-05	0.00667253828528457	8.38379426665797e-05	0.00107697680176449	0.000164362827110864	0.00567196349004727	0.0352389827193704
4_Transposome/JG_CO_092_C	0.00118624966734356	0.0973010973594358	0.49943757338337	0.0175224542328647	0.00300932656153391	0.00484017925067554	3.58011964238285e-05	0.0065681760993381	8.84363137932396e-05	0.00148557579049974	0.000163335135704722	0.00549816275761623	0.0330811083896934
4_Transposome/JG_CO_092_D	0.00120738910154197	0.101737330141686	0.527981128231278	0.0191462483323556	0.00293196834784049	0.00489585843204723	3.38331216207397e-05	0.00693694283399581	7.78625982925944e-05	0.001285181826099	0.000171094502062214	0.0057554450491475	0.0358296593220609
4_Transposome/JG_CO_092_E	0.00181749516848529	0.101651719123767	0.53148269673553	0.0187800252515652	0.00317042727805426	0.00489657868447884	4.18774395994796e-05	0.00713847479266601	7.70736613247798e-05	0.00132145161133131	0.000173412724481593	0.00585905914363162	0.0350452603591046
4_Transposome/JG_CO_092_F	0.0012855572645442	0.0982402527708832	0.519765816700285	0.0179256629098568	0.00297536168532484	0.00476527634716916	3.50389989043742e-05	0.00700360189031141	9.07771750124357e-05	0.0016560946911573	0.000175068730399589	0.0055796113902549	0.0343900794470796
4_Transposome/JG_CO_093_A	0.00137704941782501	0.102064612862063	0.543458994864841	0.0197975957384924	0.00316753988175617	0.00495973615791098	3.30074199412842e-05	0.00716793842281529	8.90364887941104e-05	0.00171126758814707	0.000171019512132508	0.00590412054753574	0.0358404577460552
4_Transposome/JG_CO_093_B	0.00191474565638866	0.104594931435982	0.565770265154895	0.0200661014199566	0.00322517639228516	0.00530254686949129	3.89728486845004e-05	0.00743315495652877	7.55289232764177e-05	0.00155828720983272	0.000178632720860876	0.0062024090939456	0.0355648856690598
4_Transposome/JG_CO_093_C	0.00199885691117403	0.0894398813777197	0.449235794164573	0.0138383207506312	0.00248679333323939	0.00408313125507572	5.34964347960106e-05	0.00564270688233665	8.99857288188363e-05	0.00102387096037128	0.000150144236508838	0.00454564263856505	0.0317500380202478
4_Transposome/JG_CO_093_E	0.00192546116266838	0.10580238063398	0.553764908945401	0.0199267279071162	0.00326421535503627	0.00485568832017011	3.67342610177894e-05	0.00726422714115597	8.75545790141595e-05	0.00183942882312661	0.000181797269235862	0.00618751531281624	0.0370733890954597
4_Transposome/JG_CO_095_A	0.00141818433261267	0.0978962894686995	0.506096850377159	0.017352989138031	0.00292641823083047	0.00460378764708318	4.39733815093738e-05	0.0065688837733603	8.87245764336422e-05	0.00146680433150808	0.000160011145930745	0.00566822229621679	0.0344275382170456
4_Transposome/JG_CO_095_B	0.00176973962693122	0.0995588721225224	0.529775968060271	0.0191030151876715	0.00305546291688421	0.00491988976306913	4.57014532510845e-05	0.00674249151921764	8.42971186984691e-05	0.00147556449073304	0.000172597038071359	0.00592267231744528	0.0341246283866013
4_Transposome/JG_CO_095_D	0.00212927853072697	0.0977842918789891	0.530432715704999	0.0183167406386388	0.00289331778466747	0.0048661059088821	4.33892294130034e-05	0.00692508214772211	7.52137233061312e-05	0.00163476762250294	0.000179797661563158	0.00552930888822053	0.0344753023233425
4_Transposome/JG_CO_095_E	0.00118580375659121	0.0999228919703973	0.53039776648053	0.0183553154812025	0.00301857364416565	0.00473145713797962	3.62969037174747e-05	0.00682216284943563	9.81324318645198e-05	0.00201707891507661	0.000174818210741101	0.00562969827068089	0.0377438949568699
4_Transposome/JG_CO_098_A	0.00190942825123474	0.0955582073733654	0.496566286082341	0.0188481943624935	0.00282863734637541	0.00477822574210557	5.16848506102258e-05	0.00661414522161463	8.4555586524449e-05	0.00144917584699769	0.000171787982804658	0.0057313311938045	0.0329761151048827
4_Transposome/JG_CO_098_B	0.00188018247930394	0.0932243493850246	0.498432251370049	0.0180196812796211	0.00282953150483927	0.00447869885022441	4.93000786770449e-05	0.00657315115783071	8.23232589916042e-05	0.00141492103926268	0.000162480111924409	0.00525870737776666	0.0334144284932403
4_Transposome/JG_CO_098_C	0.0012976950651602	0.0935341074837432	0.494890483938485	0.018651054909221	0.00299134668118462	0.00471071747949777	5.2337871881037e-05	0.00670674123715742	8.13517857769429e-05	0.00160965310744716	0.000157277362748578	0.00549731657331972	0.0335876451418517
4_Transposome/JG_CO_098_F	0.00174729318438916	0.0868629411345519	0.476816230435087	0.0175080353643369	0.00270355675395583	0.00440838893033424	4.89671543625827e-05	0.00605650057381727	7.13721488148596e-05	0.00103186965217797	0.000155153448648035	0.00514870528004147	0.030332215380181
4_Transposome/JG_CO_099_B	0.00130643822564741	0.102924215337898	0.545388973457027	0.0195278336373125	0.00315575912674102	0.00492731036967805	3.09942218886822e-05	0.00724836531797225	0.000107493678121783	0.00147074908946639	0.000161017396679777	0.00584612720126282	0.0352071225761768
4_Transposome/JG_CO_099_E	0.00153972344145568	0.104724914139629	0.556979833199766	0.019932827279178	0.00317751202750709	0.0050721857490014	3.58345824632265e-05	0.00798407122607137	9.61151033203415e-05	0.00132868675352199	0.000155096179487453	0.00631227693556262	0.035515607943796
4_Transposome/JG_CO_102_A	0.00156659243894084	0.0955138392869153	0.517210332912985	0.0178698164039108	0.00288862130782721	0.004672608346853	4.27297823030631e-05	0.00695669668053001	9.13290248822697e-05	0.00157605890431392	0.000158901560462736	0.00547332743439315	0.0329983235317429
4_Transposome/JG_CO_102_B	0.000995164839851039	0.0876775041574155	0.429106067095938	0.0109315796966846	0.00225570405019094	0.0037082369717501	5.73245795048237e-05	0.00521984294018658	7.83090495400778e-05	0.00086996447598664	0.000127307343012459	0.00382551345860706	0.0330651813408859
4_Transposome/JG_CO_102_E	0.00105936044488943	0.0927608614267874	0.44664308820278	0.0110514854086808	0.00229179177173268	0.0038899722696906	4.50755599235765e-05	0.00522900583453376	8.45352543227495e-05	0.000985032041564079	0.000132351348018762	0.00399609850848867	0.0343721095495454
4_Transposome/JG_CO_102_F	0.00144189089219821	0.0848437688983697	0.465956973093033	0.0164623770184571	0.00267168970131742	0.00419972764566189	5.53827454903042e-05	0.00632017115880439	8.02266990887565e-05	0.00117884299162855	0.000141217768368689	0.00490126558171947	0.0308696150586301
4_Transposome/JG_CO_104_A	0.00129049724445219	0.0878523320112962	0.422623020489649	0.0113801256721016	0.00231721642884692	0.00372902103443161	4.46624622770891e-05	0.00492028811787733	7.33430674941415e-05	0.000106179047527596	0.000138901587901879	0.00385252164984926	0.0329444782121362
4_Transposome/JG_CO_104_B	0.00125680025255764	0.0899695189026678	0.430979382240505	0.0107259824889925	0.00220983136027694	0.00375645367033636	5.20010243647622e-05	0.00505603083014531	6.96725285687919e-05	0.000574793741523089	0.000140747110870434	0.00368417170152193	0.0340173141472836
4_Transposome/JG_CO_104_C	0.00149650181922423	0.0895020463529947	0.430734762616089	0.010605713640233	0.0023306826785191	0.00367651656166459	4.50071230365266e-05	0.00517208043562409	9.29021831265683e-05	0.0013613150589268	0.000129986635275012	0.00394137758072289	0.0335760358621931
4_Transposome/JG_CO_104_D	0.000929868648692977	0.0910454375384706	0.432729997889298	0.0108447429499957	0.00221759463278749	0.00371736412641032	5.32644009685435e-05	0.00502198775690719	9.26113892346115e-05	0.000907929702302291	0.000136698064533584	0.00382253144694723	0.0347490430186026
4_Transposome/JG_CO_104_E	0.000992946135258372	0.0858753668023324	0.420769587671202	0.0117763636245653	0.00229765097938363	0.00373694715501134	5.36281165397183e-05	0.00506565568681498	8.57995295904582e-05	0.00144385060629379	0.00014262685293493	0.0040074747008523	0.0326354021393458
4_Transposome/JG_CO_106_A	0.000914944701631499	0.0899664283426255	0.438901369955971	0.0117081814982198	0.00223752126475819	0.0037327628803233	5.04687844096595e-05	0.00516369818306675	9.00055123993921e-05	0.00103197926714761	0.000137284728135277	0.00397474768574217	0.03255709654224
4_Transposome/JG_CO_106_B	0.00108980327351519	0.0875991097363621	0.443312566112227	0.0120732644122769	0.00231990709373131	0.00375951167325465	5.57736888837848e-05	0.00540749069886302	8.09808969522896e-05	0.00103860591500513	0.000120874431556159	0.00409931108902545	0.0320826341391711
4_Transposome/JG_CO_106_D	0.00104450444786087	0.0855873124878748	0.430397317425627	0.0115222919001823	0.00228789077391233	0.00360504784801704	5.1142919432308e-05	0.00503884830850401	7.63820586966684e-05	0.000916733313493803	0.000122991649545031	0.00396488273394186	0.0321102515867783
4_Transposome/JG_CO_106_F	0.00104210010895754	0.089145806697555	0.435738647693384	0.0111082076511678	0.00229090873958917	0.00374585452159947	5.10760795326398e-05	0.00506786982656787	8.15634341578301e-05	0.000945383512847979	0.000140868404843552	0.00393352934756406	0.0327030839847106
4_Transposome/JG_CO_107_A	0.0018445996274024	0.0887823608922809	0.473570702339516	0.0178532554345653	0.0028239587986566	0.00428035069962287	4.51138099720713e-05	0.00641970061597223	8.16223223428257e-05	0.00220886360037758	0.000152080340099492	0.00531434105680662	0.0317297504654284
4_Transposome/JG_CO_107_B	0.00144326191198098	0.0834728351821104	0.428812340265035	0.0119735436279068	0.0023075788787054	0.00365236852284518	4.51013262353759e-05	0.00493072620501286	8.42692676420641e-05	0.00101668724002911	0.000121872313868497	0.00398749541951949	0.0318506472861003
4_Transposome/JG_CO_107_C	0.00078352889363877	0.0864586291041559	0.430302713521085	0.0117556734037163	0.00215561696222162	0.00365580798777434	5.03356560954691e-05	0.00512282391812785	7.66893571608127e-05	0.00135997385166138	0.000143159615284072	0.00400768120576895	0.0333144593291897
4_Transposome/JG_CO_107_D	0.0010473747139165	0.0804665866889204	0.422106868926659	0.0127499409100694	0.00231201129630699	0.00357898000316313	5.36003674860593e-05	0.00512319223209378	7.60838596985003e-05	0.00115527562719739	0.000138844373811364	0.00423244382533924	0.0301707576643842
4_Transposome/JG_CO_107_E	0.00108175466446051	0.0805057720069813	0.415302388263994	0.0129311277046482	0.00231790979524219	0.00362763747409184	4.97229996966927e-05	0.0049707156797058	8.15169186518279e-05	0.002095860708522	0.00012775620747272	0.00407897264684325	0.0320880177265983
4_Transposome/JG_CO_108_B	0.000900360801400667	0.0863333645184511	0.435739444565567	0.0116036691954333	0.00233476933728726	0.0036591528911784	5.42255642768793e-05	0.00502115049451832	7.40841761100626e-05	0.000943575505304218	0.000132152414789225	0.0039174201890429	0.0331759800500526
4_Transposome/JG_CO_108_D	0.000998424458077789	0.0931256269533253	0.447264648515271	0.0113659043960763	0.00229135731003841	0.0038682217450986	5.99889208225015e-05	0.00524865020462926	8.5688204774134e-05	0.000985385515298775	0.000132031332742571	0.00390207920470851	0.0346476342560138
4_Transposome/JG_CO_108_E	0.000735808512216315	0.0932349355811997	0.441236001924892	0.0104433292780522	0.00226437082083746	0.00353186717808114	5.24121265319145e-05	0.00505449344912951	0.000101335584467179	0.000888337875346053	0.000135091635599869	0.00383031952782046	0.0338467860961686
4_Transposome/JG_CO_108_F	0.000865467150427342	0.091225727262513	0.429975578845576	0.0106272613127633	0.00224977153175622	0.00364614414170498	4.65413373455978e-05	0.00518476676210563	6.5498406650001e-05	0.000731262704578276	0.000119088568611989	0.00384653281555064	0.0339505164926783
4_Transposome/JG_CO_109_A	0.00139385583037772	0.0923351872162135	0.443629911721734	0.0109209271691298	0.00217508507905298	0.0036990004931136	5.03910049583255e-05	0.00548366651818711	7.69267875293432e-05	0.000894881193154749	0.000137712362730559	0.00386543815871154	0.0332598164655059
4_Transposome/JG_CO_109_B	0.00158915426138158	0.0941347405264282	0.453840021286035	0.0103930148335006	0.00216870298240871	0.00387892814147261	5.58563513959822e-05	0.00506108657353088	7.64920594074109e-05	0.00035061572455036	0.000131206965526152	0.00376035917524467	0.0371490211193116
4_Transposome/JG_CO_109_C	0.00132334444234308	0.0901895227416766	0.442941343712646	0.0106618207459414	0.00205543910529928	0.00368399593434376	6.59907511216406e-05	0.0048978341493866	9.20062229909876e-05	0.00058848544832642	0.000128984502423115	0.00373768473833712	0.036919947772013
4_Transposome/JG_CO_109_E	0.00214816743166421	0.0856131720713143	0.464081603942106	0.0150740723927929	0.00251896616372691	0.00421277009213277	4.58626720816994e-05	0.00536686772523098	8.18423393186777e-05	0.00134259112585573	0.000149813313552255	0.00468595802227311	0.0301016060709278
4_Transposome/JG_CO_110_A	0.00154770675485085	0.0891674788757958	0.463358461879017	0.0174710156836538	0.00267394265259134	0.0042852907481931	4.97381360191234e-05	0.00611118413075358	6.80071179503944e-05	0.00171865070085159	0.000163727100512723	0.00530279052326812	0.033930346138341
4_Transposome/JG_CO_110_B	0.00130478253310905	0.091682666281661	0.46388904173197	0.0158376448864445	0.0024099646069803	0.00424454262981576	5.50914444338552e-05	0.00587599231425523	8.03862528962614e-05	0.00138115620249482	0.000146020981056339	0.00500060060199104	0.0323177713369754
4_Transposome/JG_CO_110_C	0.000951805253362838	0.0894948602893067	0.460014040049802	0.0160957199022046	0.00251160294009943	0.00416065690022959	5.09265589829654e-05	0.00589903410685331	8.43357902400842e-05	0.0013412289275982	0.000170211897976555	0.00489721242185367	0.0324809505656077
4_Transposome/JG_CO_110_D	0.00148914779684423	0.0881482905608577	0.452827852526449	0.016126765182315	0.00256474445920397	0.00425300070897985	5.94974793889581e-05	0.00593707678211673	6.60808250657288e-05	0.00174609062304632	0.000175278286319403	0.00479382278492426	0.032338126530467
4_Transposome/JG_CO_110_E	0.00119546824909666	0.0890695365898308	0.457778053169471	0.0154497398034748	0.00260139122938193	0.0041569922988901	5.78978655552604e-05	0.00597536234828216	8.9463975999462e-05	0.00136373799601104	0.000165636760351343	0.00487865493948326	0.0333990033997186
4_Transposome/JG_CO_111_A	0.000889905143434188	0.0871658751675186	0.432385741109441	0.0118111283109806	0.00216364883291724	0.00364705103883398	4.3073201674076e-05	0.0051902030120603	8.43724581340957e-05	0.000928216649255863	0.000124200083562218	0.00414872010066508	0.0337878275670628
4_Transposome/JG_CO_111_B	0.00109358334243977	0.087475766837964	0.439492736298355	0.0114418468736177	0.00224334299755448	0.00349836108349606	5.65036912583492e-05	0.00486488532746482	8.37260964278148e-05	0.000718661233272176	0.000125548708187045	0.00380610692006009	0.0352434454240631
4_Transposome/JG_CO_113_E	0.00160575734899749	0.0872814048324442	0.426722113027397	0.0117032518259887	0.00233941647575564	0.00362588806943639	5.67783133989681e-05	0.00513290739914602	8.3839867277634e-05	0.000936291479422764	0.000116180973965762	0.0040809055718433	0.0341573068513736
4_Transposome/JG_CO_118_B	0.00103701968617825	0.0896029305444146	0.430230830440553	0.0109193622947018	0.00223984103566151	0.00371538639675545	4.81909251575454e-05	0.00501512255050587	9.82928614880206e-05	0.000630551300877929	0.000115283758487754	0.00391210808987011	0.0354764556489159
4_Transposome/JG_CO_118_C	0.00108939698868133	0.0849970413992795	0.425022898038431	0.01230056700075	0.00237013130663935	0.00371293595099411	5.05483784068817e-05	0.00504946484588701	7.57038237069595e-05	0.000896638196710256	0.000151740790828969	0.00414164643876256	0.0316826434397317
4_Transposome/JG_CO_118_E	0.00101112981384855	0.0856997150587849	0.425080817331715	0.0122832312943001	0.00236659536474696	0.00358310269488802	4.45436043509917e-05	0.00505871498859743	6.87979925382827e-05	0.000969337643209309	0.000133952536836386	0.00404666431669666	0.0328563561566517
4_Transposome/JG_CO_120_A	0.000892606244585019	0.0863599687588882	0.426558887159085	0.0118366403530334	0.00222007584782959	0.00367319825273649	4.7079572771487e-05	0.00488300120224828	7.9537132353667e-05	0.00100445830363253	0.000131363728009288	0.00392510970535761	0.0335832983189089
4_Transposome/JG_CO_120_C	0.00164920588183314	0.112725728292098	0.528872698467867	0.0115106710297942	0.00287656637379802	0.00408592387144468	4.86024990805172e-05	0.00633866370062754	0.000116346044168358	0.000643186909604437	0.000148924014957475	0.00437676291312418	0.0478528167442236
4_Transposome/JG_CO_120_D	0.00148361804094719	0.083390322400176	0.434545891285349	0.0135792717885085	0.00261607148147698	0.00376686231169621	4.53431621994456e-05	0.00516181319800899	8.09596336982644e-05	0.000879601709124607	0.000126385917339943	0.00439040307952115	0.0326455783491568
4_Transposome/JG_CO_120_E	0.00133137100910852	0.0945945968841543	0.443119322649313	0.0112057472657182	0.0022320552554022	0.00362808241803652	5.08965634437674e-05	0.00516706414754084	0.000108872703724336	0.000856607123472237	0.000140231716196765	0.00398490878862856	0.0387191434786437
4_Transposome/JG_CO_122_A	0.0016798433929628	0.0916418639722701	0.437346611453776	0.0116850432565524	0.00225850205835373	0.00369831440274759	4.59251525005333e-05	0.00537009820326704	8.32038727486079e-05	0.000872174989729713	0.000122347812960426	0.00403344794277689	0.0382567821698943
4_Transposome/JG_CO_122_B	0.00114803105543751	0.0769204575571762	0.43960685293606	0.0135537940727484	0.00254209196648973	0.00365275229258071	5.61132523980764e-05	0.00531714604075021	7.09863863926376e-05	0.000861837101512246	0.000139199072858624	0.00437626887703512	0.0304064318840654
4_Transposome/JG_CO_122_C	0.00152345414715406	0.0857910212938521	0.43253119835531	0.0121131293245166	0.00235145994118732	0.00370484061486282	5.72306474770344e-05	0.00507269663419495	8.6493555942354e-05	0.000854805554218459	0.000129327453660409	0.00397918153611366	0.0356472720399445
4_Transposome/JG_CO_122_D	0.00106492584594256	0.0898215950340402	0.436155872268231	0.0114705099513571	0.00233431020772124	0.00370450680632381	5.72673178247828e-05	0.00520652051058913	8.40080241741705e-05	0.000921433764352735	0.000129964363710115	0.0039210876377377	0.0340984545088287
4_Transposome/JG_CO_122_E	0.000996907333171707	0.0904772466196862	0.440513708477921	0.0110871168599171	0.00224034399968399	0.00364600709138909	5.94072341929375e-05	0.00523815427190285	7.48918058950266e-05	0.000710935526631612	0.000139440245119126	0.00383473910715609	0.0367878546138288
4_Transposome/JG_CO_124_A	0.000749047497852006	0.0913872037191258	0.445903962107785	0.0108881451313483	0.00219184874415793	0.00362979933545812	5.39942382800288e-05	0.00513657571900038	9.56526853450745e-05	0.000622205400044	0.000137519665238537	0.00388827912237598	0.0358558740449151
4_Transposome/JG_CO_124_B	0.000982940539443079	0.0883193762052499	0.433087982457658	0.0111339967665427	0.00219631283236905	0.00358269830268916	5.9790432253849e-05	0.00512986082300708	7.04200099862867e-05	0.000799157493632204	0.000145679342860086	0.00383087593273989	0.0365966202134951
4_Transposome/JG_CO_124_C	0.000854742054412937	0.0947913906929898	0.443607459860945	0.0114078929973079	0.00224445182163841	0.00370067791660653	5.43260708773964e-05	0.00511400729648328	6.99488831644039e-05	0.00102730376035406	0.000132851464673544	0.00398005391098213	0.0355830836442325
4_Transposome/JG_CO_124_D	0.00107498281954549	0.0868091896296828	0.439098043915336	0.0123898116831208	0.0024216332415043	0.00366305646482851	4.542384931028e-05	0.0049837780172106	6.2639113692465e-05	0.000735233292074016	0.000151499069270253	0.00421586888665259	0.0362309400187814
4_Transposome/JG_CO_124_E	0.000807110205673362	0.0882629622640894	0.437047559588479	0.012485979381571	0.00227889806046604	0.00368235738339649	4.88345875202237e-05	0.00518432369787878	8.2068472932497e-05	0.000717950560779238	0.000120235414620491	0.00412250297556723	0.0337711174094451
4_Transposome/JG_CO_125_A	0.00108953200328377	0.077572977434909	0.414159607231883	0.013235124058688	0.00250534604665194	0.00362617191297867	4.50216040664952e-05	0.00499216413970468	7.25582379492975e-05	0.00122337055884867	0.000123064241398917	0.00407116171922927	0.0340021001310361
4_Transposome/JG_CO_125_B	0.00100862564713996	0.0856071720999094	0.426631159366019	0.0126482076564346	0.00226466851955358	0.00368423697686846	4.59050904499609e-05	0.0051662072397281	8.5188165328145e-05	0.0012935928805881	0.000130703272812859	0.00406322243144796	0.0349848825877789
4_Transposome/JG_CO_125_C	0.00128115438222275	0.0886225310239008	0.42951541879664	0.0121901530174067	0.00237342432346967	0.00380131438784745	4.79416364281035e-05	0.00503217945340846	8.73972887243273e-05	0.000774529110720719	0.000133356514063615	0.00410624553996987	0.036407554521588
4_Transposome/JG_CO_125_D	0.00117902807363377	0.091552052318429	0.435292319482812	0.0113783926435209	0.00216754737658279	0.00370396209248815	4.75604763102794e-05	0.00552659692788517	9.43103538919286e-05	0.00075059096095455	0.000133744288522646	0.00386380316225447	0.0379036408258924
4_Transposome/JG_CO_126_A	0.00135160221913585	0.0869885786127465	0.429588723114038	0.0116917072001003	0.00228143535565528	0.00355180389554338	6.00898197268459e-05	0.00505534892832054	8.67016474840475e-05	0.000879436744869775	0.000148032756825462	0.00401357553236981	0.0371838811583798
4_Transposome/JG_CO_126_B	0.0013478955711894	0.0842595677860372	0.432371736368838	0.01239150524005	0.00245189574219733	0.003602015995634	4.8083279980051e-05	0.00483061835161307	8.1692952835513e-05	0.000808951715459743	0.00013996349287866	0.00400425832126483	0.0335668151849573
4_Transposome/JG_CO_126_D	0.00165698080714157	0.0907507164274305	0.492147437282314	0.0174016986164011	0.00270467753449866	0.00450410373807196	4.68823796273703e-05	0.00630737150831311	7.81771488499471e-05	0.000908133057438732	0.000173351368746431	0.00513928048130516	0.0322872929717089
4_Transposome/JG_CO_128_B	0.00142585614160763	0.0914285195900386	0.48896501564216	0.0165876344964468	0.00262373399107501	0.00436095976121506	4.78144928206737e-05	0.00615839237501319	8.76054909250308e-05	0.00127023755376855	0.000149890820136296	0.00513369809971126	0.0347061354013894
4_Transposome/JG_CO_128_C	0.0012224616793342	0.0861662917670046	0.473844222493862	0.0155047172194068	0.00266392589094388	0.00401612921141107	5.20348101714175e-05	0.00603295394262744	8.87186898428995e-05	0.00124598369616516	0.000145096009944225	0.00476506052376483	0.0306743448309565
4_Transposome/JG_CO_128_D	0.00150248022861803	0.0955980434962177	0.516188989836809	0.0186448861457167	0.00286056721267449	0.00475127407212539	3.99028308557995e-05	0.00682379079584014	9.4375580942467e-05	0.00112563475333575	0.000169040340872826	0.00563753587798068	0.0338162740668398
4_Transposome/JG_CO_131_A	0.000930023147388758	0.0868798988866599	0.449085428939071	0.0146666724591377	0.002410336946942	0.00389842832781951	4.81753995512553e-05	0.00563590203861868	8.66180262265631e-05	0.0010892253490102	0.00014397009898296	0.00480249399905664	0.0295327167435398
4_Transposome/JG_CO_131_B	0.00183895595964882	0.0912244532063948	0.499642873471963	0.018037794959073	0.00300994715954477	0.00458135373743549	4.89470197320033e-05	0.00667294871725667	9.2016124593881e-05	0.00107380810561544	0.000176959768313528	0.00550634286753426	0.0347392989010026
4_Transposome/JG_CO_131_C	0.00144432597936047	0.0853003940816805	0.458356264896515	0.0165992024102985	0.00267042340785937	0.00405070798504152	5.06289602121394e-05	0.00597068317034477	8.48137768291937e-05	0.00135096347245069	0.000131818146053023	0.00492632757130678	0.0335202287040747
4_Transposome/JG_CO_131_D	0.000773595970470643	0.0820213814975223	0.430959582503037	0.0148715420291039	0.00263080006631497	0.00361180378885443	4.92381540661604e-05	0.0051947054557068	7.69909055580974e-05	0.000866191065634354	0.000135300151756606	0.00455044105252517	0.0328337111690768
4_Transposome/JG_CO_131_E	0.00120163375702589	0.0886077928016392	0.442435386827087	0.0132116393706391	0.00242731047568642	0.00379187484905789	5.23735258379159e-05	0.00533555895297419	9.29402390492375e-05	0.00116687049608849	0.000143801508855584	0.00431185332135075	0.0338136554714772
4_Transposome/JG_CO_132_C	0.00128298398478107	0.0819031157949215	0.425551962047322	0.0152431967076082	0.00229834992396153	0.0041087648051621	7.29717625342362e-05	0.00549914858528594	7.36032632733005e-05	0.00118405397090362	0.000129922039783306	0.00455095453301395	0.0301001777387066
4_Transposome/JG_CO_132_D	0.00105484157020863	0.0868609730336735	0.445990558304957	0.0159527771539189	0.0026183560080845	0.00410648971573518	6.57935866736281e-05	0.00595361478311757	8.49945325788099e-05	0.000667328833879165	0.000156612063757841	0.00481831453888567	0.0326619440669393
4_Transposome/JG_CO_132_E	0.00114142351158214	0.0820410179917909	0.434004709053167	0.017680401508652	0.00252800016283681	0.00417771892571416	6.76916888876037e-05	0.0056855080828239	8.85661581332972e-05	0.000768968032884711	0.000144951769099598	0.00504097167517619	0.0295392753665168
4_Transposome/JG_CO_132_F	0.000907583853409417	0.0880404998741456	0.454469538892113	0.0161039008172973	0.00250093104923464	0.00409656098602353	6.85681025356205e-05	0.00588649355630448	9.1201579742333e-05	0.00120010140300797	0.00015565872979634	0.0048164592680162	0.0315700245663814
4_Transposome/JG_CO_132_G	0.0014394034614973	0.0910126380122031	0.47480080709159	0.0190932860243229	0.00264801748519483	0.00457862078977974	5.7582663736436e-05	0.00623683938416895	8.9746854264191e-05	0.00169317132848511	0.000166010911028097	0.00549110617991385	0.0335340698128363
4_Transposome/JG_CO_132_I	0.0013892394188493	0.087327794039496	0.474006844702821	0.0186587783800446	0.00293687782392858	0.00432373082837491	5.8321737094406e-05	0.00608274620368404	8.15089163900935e-05	0.00101425772600563	0.00015105928839063	0.0052007558552751	0.0321447420393074
4_Transposome/JG_CO_132_J	0.00132732078198701	0.0836219760792987	0.437197066042727	0.0165183276361204	0.00228333113154924	0.00422873037858677	6.48450733224087e-05	0.00550529387893501	7.55077219846325e-05	0.00129331097192311	0.000162040961723352	0.00486577837790291	0.0314266277932168
4_Transposome/JG_CO_150_C	0.0013086015726877	0.0799801450219389	0.438712300529205	0.0141082693774854	0.00244792902805431	0.00377005386082512	5.37553042181973e-05	0.00541684462535823	7.79627138906207e-05	0.000942737933018075	0.000151119607725851	0.00451153323259972	0.0314667182052791
4_Transposome/JG_CO_150_D	0.00142431604305351	0.0792807445451464	0.446980934375971	0.0140592333628067	0.00263773469105617	0.00384382610736985	5.2401532018524e-05	0.00542034500201137	7.35722927197134e-05	0.000887321809720263	0.000146149990237667	0.00453580097381494	0.031381770533241
4_Transposome/JG_CO_150_E	0.00171164995736905	0.0809848321827545	0.445238379825788	0.01446330552526	0.00257635252024165	0.00404853674288974	5.93539892744552e-05	0.00578270955920237	8.80197481486272e-05	0.000948771354874001	0.000162143834003436	0.00479573605263408	0.0316542718602022
4_Transposome/JG_CO_150_H	0.00133127622426317	0.0884964439935382	0.450061900074474	0.0121965985216186	0.00254190149547147	0.00380525944141214	6.33544839613257e-05	0.00541892404416642	8.47992798152154e-05	0.00100625237058263	0.000135046682524471	0.00427962097263533	0.0340493371096246
4_Transposome/JG_CO_150_I	0.00135838599063969	0.0879222796689629	0.429865642253669	0.0122029918293184	0.00270329655860005	0.00378891094298281	5.74187684278725e-05	0.00519779197887963	0.000104073722460973	0.000536740779987123	0.000137475321967228	0.00416179237916908	0.0344642860038108
4_Transposome/JG_CO_188_B	0.00100864061729134	0.111870347601327	0.502625220660295	0.012008447354767	0.00273323157100635	0.00405999549631247	5.30355286279069e-05	0.0061047271972274	0.000100319673127224	0.000581912939966326	0.000123465184496563	0.00461746761575647	0.0472001239357494
4_Transposome/JG_CO_188_C	0.00129613618568434	0.0820616798212685	0.439998827004038	0.0154708835756839	0.00282128898083144	0.0037768581503325	5.50713511403261e-05	0.00556798219449543	8.49070786448864e-05	0.000867215403479626	0.000137125003283193	0.00490499281778494	0.0343350571908507
4_Transposome/JG_CO_188_D	0.00116965538881885	0.0914078423113092	0.478459116442915	0.0170084601431589	0.00274834013466593	0.00427688599541907	5.17220373138577e-05	0.00611682734016903	8.0804163344813e-05	0.00135410751433188	0.00016592250265102	0.00537245756296559	0.0323176584637137
4_Transposome/JG_CO_194_A	0.00135907824243304	0.0791783582434653	0.447892531692984	0.0170436111874753	0.00266817062554105	0.00396696770956774	5.17741550038129e-05	0.00572281713835046	8.41188826211185e-05	0.00132544477182573	0.000119213447081103	0.00498694536802683	0.0331230518839824
4_Transposome/JG_CO_194_B	0.0017490637285901	0.077813952040337	0.434808272327123	0.0162282604143411	0.00245200789964605	0.00399302689708528	5.13020102347573e-05	0.00567363533339031	6.79937763228551e-05	0.00144542570435759	0.000174118219858204	0.00477783629717517	0.0291708978116053
4_Transposome/JG_CO_194_C	0.00177949967258169	0.0837908500924103	0.454971623102028	0.0160283343238444	0.00253976657797419	0.00424137386873784	4.17432788760402e-05	0.00584055845105602	6.80420797977456e-05	0.000951708007250445	0.000120339990701449	0.00494647300879295	0.0318107875482955
4_Transposome/JG_CO_194_F	0.00138273200163124	0.0899271598832476	0.455121054965853	0.014370615146194	0.00256702455391067	0.00402177609266697	5.05082915598781e-05	0.0054993234277448	0.000102184669510517	0.0012581839754802	0.000147188753142142	0.0047131999746371	0.0316532016246969
4_Transposome/JG_CO_194_G	0.00171828698524428	0.0926463025689749	0.490040744915874	0.0165591572250345	0.00283561340463392	0.00437510454915971	4.51593812911414e-05	0.00643802556931779	8.97449417863042e-05	0.00145559426231278	0.00015377715145143	0.00517791019197736	0.0331237174984368
4_Transposome/JG_CO_194_I	0.00153529264629551	0.0908689070276812	0.48298482638462	0.0169231845747723	0.00260615121073986	0.004358340521017	4.2606764324208e-05	0.00601079217250623	7.9038257638617e-05	0.00147067940448266	0.000181254067828865	0.00541194001466698	0.0330750807925784
4_Transposome/JG_CO_197_A	0.00164746484922587	0.0937015390383295	0.497426123425008	0.0209273604003508	0.00297776006425319	0.00492194406647563	6.15000599005093e-05	0.00693134881131609	7.61118731929767e-05	0.00217165691807432	0.00019206829549891	0.00590579779774286	0.0418672243969873
4_Transposome/JG_CO_197_B	0.00135997576416849	0.0871778993969914	0.460054253561284	0.017360878017164	0.00261773736437337	0.00430025298633044	6.31311364523216e-05	0.00574440640224102	7.22389787275e-05	0.00143981811360413	0.000144967138534377	0.00524631616431187	0.0327104956543493
4_Transposome/JG_CO_197_C	0.00125258755219354	0.0906114724566314	0.472755934101965	0.0167254536167268	0.00269960567874535	0.00435292023792124	5.38151217049457e-05	0.00610245738990082	9.99068273234618e-05	0.00128479435395087	0.000193629159333003	0.00520830800733422	0.0333603251133126
4_Transposome/JG_CO_197_D	0.00120563681515105	0.0877539781868888	0.460970561802273	0.0166338339702047	0.00246816981115947	0.00419864688236129	5.81563195136179e-05	0.0057616264683837	8.29128306302863e-05	0.00127960191196936	0.000156525633596862	0.00496878038997442	0.031666892810908
4_Transposome/JG_CO_197_E	0.00122724172242807	0.086667046989542	0.4561673300076	0.0161271251239535	0.00247085950326464	0.00424541313589512	5.75001433479063e-05	0.00564927219010359	8.52861147024154e-05	0.0015953498800798	0.000158981727215653	0.00475869293621931	0.0349721902124036
4_Transposome/JG_CO_197_F	0.00162982244936844	0.085419066142372	0.454899804941436	0.0163642403754156	0.00237526629663982	0.00425551161991043	4.03770037306119e-05	0.00601714017232029	8.84569140436398e-05	0.00162760264915088	0.000169460217492067	0.005060968943546	0.030729801412245
4_Transposome/JG_CO_197_G	0.00129061472261502	0.084925240970983	0.447506937454736	0.0177751717558204	0.00265172105579628	0.00424466427645736	5.84633786130332e-05	0.00615381017733457	7.25738833611121e-05	0.00163702167602353	0.000156289785492926	0.00545485730939702	0.032507939979667
4_Transposome/JG_CO_197_H	0.00139882461393178	0.0786710252479673	0.419375327041718	0.0159262214290174	0.00233636915451877	0.00381970193828036	6.44212498521568e-05	0.00563671931924065	7.12602612852367e-05	0.00139524993415997	0.000153492133419246	0.00483802436788918	0.0311036133739535
4_Transposome/JG_CO_197_I	0.00130363694885785	0.0841395120086906	0.43844588435948	0.0169250747713674	0.0025315490350338	0.00425491840461284	5.99771337044896e-05	0.00578145765759335	7.86743998023657e-05	0.0020668944664263	0.000144482748044229	0.00507184555629845	0.0313880159417426
4_Transposome/JG_CO_199_A	0.00158041863098575	0.0952971281447186	0.48810751467948	0.019350470521924	0.002922314251892	0.00494669610054694	5.30705522067248e-05	0.00653624772212018	8.92481259599242e-05	0.00105547139941796	0.00017172088489746	0.00554099393847944	0.0363914050454467
4_Transposome/JG_CO_199_B	0.00130282563532706	0.0896721272967946	0.458769513952022	0.0175078280108939	0.00267806032133932	0.00455378082337126	4.23565816668156e-05	0.00619578155311823	7.53319329232301e-05	0.00180548681897258	0.000163682237417296	0.0051221053261774	0.0309093195131374
4_Transposome/JG_CO_199_C	0.00265932108112754	0.106500974777723	0.559965311642196	0.0295522734907667	0.0036261522422691	0.00553208332418488	6.63245793064265e-05	0.00736035593951246	8.78873178893949e-05	0.00134650430833349	0.000124695226486921	0.00722866808149348	0.056282280946699
4_Transposome/JG_CO_199_D	0.0011530936516414	0.0832122559012737	0.439660494415779	0.0157680319959617	0.00239018306415289	0.00391005320016639	5.49690352382442e-05	0.0056812993804908	8.80185524478811e-05	0.00104747841771073	0.000149877966652848	0.00476448313992277	0.0311539134247074
4_Transposome/JG_CO_199_E	0.00114491287813259	0.0934594048732156	0.4591159116485	0.0132942872222564	0.00226223056019287	0.00432190812765132	5.34990334535554e-05	0.00564295226238582	8.97376293822889e-05	0.00106658128462412	0.000176374650694416	0.00445794091880997	0.0304279589136446
4_Transposome/JG_CO_204_A	0.00111912393218121	0.0953521791909913	0.498124535736015	0.0170624910726857	0.00268104476237802	0.00459504124056552	4.13633338430404e-05	0.0062860021049082	9.13093024203489e-05	0.00141148080739947	0.000164229535080049	0.00526823267969563	0.0347115775868395
4_Transposome/JG_CO_204_B	0.00155262227682641	0.0947970708155037	0.500402958993082	0.0179752417755885	0.0028548234031748	0.00456970325251733	5.32928567243658e-05	0.00663467624193647	8.17322001396157e-05	0.00167524888727689	0.000161588001585148	0.00553072955971615	0.0340066117386727
4_Transposome/JG_CO_204_C	0.0014325929741725	0.0895876020987925	0.455356380711288	0.0134022482001512	0.00227567237620705	0.00394835981545538	5.09946014090058e-05	0.00565818517480812	6.47311232219681e-05	0.000979842641387007	0.00014165569246979	0.00441172795722044	0.0324626120386754
4_Transposome/JG_CO_204_D	0.00178548095586462	0.0892720449597659	0.474428899438081	0.0163235505914468	0.00263965208293564	0.00425422916499405	4.19610046689031e-05	0.00631450365435013	8.12363561924419e-05	0.00160276339094267	0.000127474987176111	0.00502834724067302	0.0330641432347623
4_Transposome/JG_CO_206_A	0.00113256765641549	0.0915143603285622	0.454217629587271	0.0128110323062672	0.00237182504958822	0.00383084341487032	4.8395234405149e-05	0.00540539160731003	9.67899410782463e-05	0.00107364824426775	0.000151700095810174	0.00430993213783661	0.0341993571961362
4_Transposome/JG_CO_206_B	0.00147393882185441	0.10954357432933	0.516628325875735	0.0123931996787098	0.00242545369624309	0.00423278860493018	4.2212097762451e-05	0.00580697559800049	9.25960663600714e-05	0.00124525712087398	0.000149978296190577	0.00448421444948796	0.0394813909680511
4_Transposome/JG_CO_206_C	0.00154560113165528	0.0971492095930237	0.51092781083761	0.018092740776525	0.00289625231583141	0.00464552506834497	3.74867358319335e-05	0.00691314915792073	9.07889267870831e-05	0.00165915114725119	0.000163770074196249	0.00541888379828515	0.0347749304408262
4_Transposome/JG_CO_206_D	0.00113595518939475	0.0850491981050362	0.454298027083675	0.0161886585655866	0.00263303196443743	0.00425346915299779	4.92953018713935e-05	0.00604497295332335	7.72630872487722e-05	0.00148180877528558	0.000176722875536312	0.00487243963379157	0.0307095798330893
4_Transposome/JG_CO_206_E	0.00109299665165415	0.0961198688475789	0.517259452455517	0.0181619072789775	0.00299889107272225	0.00453677126932079	4.30031458153343e-05	0.00668754489727702	6.25568937736103e-05	0.00207123684490753	0.000178474336479641	0.00562562228471366	0.0351639144014378
4_Transposome/JG_CO_207_A	0.00169461011554342	0.113506567826709	0.553076132187763	0.0172218506934429	0.0034423966696413	0.00486264486277502	4.74608377937991e-05	0.00675960621430886	0.000117230807307616	0.0013467335234596	0.000156206998397045	0.00538986586856884	0.0475404933735147
4_Transposome/JG_CO_207_B	0.00164857896123222	0.11073031222607	0.558079057342262	0.0170858460864099	0.00315000710823558	0.00489433353971186	5.53738812624309e-05	0.00677203176496017	9.76409541866513e-05	0.00110831381597233	0.000172476428712951	0.00551617560847838	0.0408731235451606
4_Transposome/JG_CO_207_C	0.00201124338321039	0.12809586732834	0.60097948767203	0.0142784294331555	0.00290365347520134	0.0052344146461915	3.60744192654059e-05	0.00691965043774305	0.000113562393961345	0.0014555233503528	0.000191082112478286	0.00507140644560465	0.0468329048986057
4_Transposome/JG_CO_207_D	0.00102415565041694	0.137978290138022	0.625428488433174	0.0122571859292441	0.00273596237838167	0.00450167053134596	2.55153048704085e-05	0.00718607062333597	0.000157800642746374	0.00156038980945485	0.000103126079448243	0.00474453832495166	0.0520433483453769
4_Transposome/JG_CO_207_E	0.00200087036827951	0.130696046909156	0.599834490562648	0.0137527847140073	0.00297975111062548	0.00491770414567774	3.07320700894036e-05	0.00692002789857281	8.78736182575983e-05	0.00171590828033215	0.000155229524455245	0.00503131894725397	0.0448508323187217
4_Transposome/JG_CO_215_A	0.00140184962273891	0.0871265379553246	0.454280174159027	0.014848726178944	0.00253392787615953	0.00406843576297943	4.90855395444833e-05	0.00576782187634885	9.26950061882607e-05	0.00109596402320118	0.000157699822688492	0.00457089353979784	0.0335655807034881
4_Transposome/JG_CO_215_B	0.0013280895077473	0.0872493534250616	0.452217185871804	0.0142987755453187	0.00240342839176962	0.00399211479031709	4.81012647218681e-05	0.00578822821522098	8.44829455409438e-05	0.00125319164186383	0.000151282249891177	0.00451131972495639	0.0340923670475486
4_Transposome/JG_CO_215_C	0.00115420700846902	0.0881173103403594	0.445151890823926	0.0141987748684497	0.00250807225658696	0.00402523558448119	3.87421047357782e-05	0.00541721623791327	9.4701898100477e-05	0.00121179317254724	0.000143633799011039	0.00443356945559494	0.0358643780457583
4_Transposome/JG_CO_215_D	0.00111106493198453	0.0926918448657128	0.462026509696085	0.0129175731752739	0.00236344406928692	0.00409140780711745	5.60588408595859e-05	0.00545975273524442	7.83350843747076e-05	0.00108789955047885	0.000151847385927046	0.00439425863784243	0.0361679572864675
4_Transposome/JG_CO_215_E	0.00126507936265154	0.081034830254681	0.441499773339869	0.0162163954353775	0.00273652338841022	0.0041692822178076	4.79155518091725e-05	0.00573445910274469	9.38324427850126e-05	0.00113572202087512	0.000166229356517245	0.00477014409339615	0.0371853373355752
4_Transposome/JG_CO_218_B	0.00158875668797253	0.096307526107683	0.492133891201841	0.0145108568915166	0.00264473116875396	0.00430827469714458	4.04574837979234e-05	0.00587132940767618	9.26261914945699e-05	0.0014677370852412	0.000173783508437885	0.00484703392857288	0.0356794802731344
4_Transposome/JG_CO_218_C	0.000885281452008791	0.0921126447125205	0.46280609510922	0.0126555517297455	0.00246675849235446	0.00398253765815351	5.54187899210812e-05	0.00548976294445912	9.20231102692024e-05	0.00106799395401694	0.00015064673767485	0.00429407177159459	0.0333999638503377
4_Transposome/JG_CO_218_D	0.00154193454104511	0.122331133088187	0.566318804504433	0.0120212909415147	0.00299206753817435	0.00455253000477607	4.26858203856837e-05	0.00639604239507193	0.000113287936225576	0.00104339029269118	0.000147379269155864	0.00448360404277416	0.0476106247778966
4_Transposome/JG_CO_218_G	0.00140357943120898	0.0913099533697991	0.48401081436306	0.0153579544058555	0.00255131051928142	0.00439195385766729	5.12297490597329e-05	0.00584336424751379	8.50575014762803e-05	0.00103357417950606	0.000150056766725565	0.00488613363901475	0.0334915501820867
4_Transposome/JG_CO_218_H	0.00126165753090355	0.0850346410011495	0.455742566002868	0.014737696536755	0.00265404114964878	0.00404284896075962	4.92854194989971e-05	0.00536752974169964	8.13212519467218e-05	0.00166436567949732	0.00016645107962	0.00467975901924412	0.0329708184123211
4_Transposome/JG_CO_220_C	0.00151209003896563	0.0918736720132941	0.480226840784048	0.0164784315392477	0.0026300067440646	0.00443600059989901	5.03662589412992e-05	0.00588489164976948	9.00953243913475e-05	0.00147629947792738	0.000149314116444223	0.0052310455062614	0.0328418459491194
4_Transposome/JG_CO_220_D	0.000927732611192983	0.0921893820103657	0.507450737982685	0.0173952435502395	0.00269616078663962	0.00446647122877179	4.13299886853446e-05	0.00620035688089323	8.46697431400477e-05	0.00136856845475778	0.000171914217077631	0.00537012191641006	0.0355089341866805
4_Transposome/JG_CO_220_E	0.00128477565696941	0.0906581018831105	0.47336731330919	0.0156297611529819	0.00253730964286321	0.00424584679843951	5.41220033216645e-05	0.00569332308328868	8.16442716243969e-05	0.00112016186444717	0.000157363163607297	0.00488635896286658	0.0344400551740014
4_Transposome/JG_CO_223_A	0.00157391845354277	0.089899988228992	0.474561166961583	0.0147717907524537	0.0025693587211942	0.0040630399407761	5.67537431015937e-05	0.00559226574207135	9.49635005362012e-05	0.00132681147512816	0.000154937325218517	0.0046352346557722	0.0336604256390199
4_Transposome/JG_CO_223_C	0.00131035076001162	0.0949182961381278	0.505192482337482	0.016229638957301	0.00255137239080855	0.00449294709184368	5.28832493679582e-05	0.00614314262520163	9.08072283504792e-05	0.0013008526340852	0.000142020010850072	0.00503088600848866	0.0358241451371552
4_Transposome/JG_CO_223_D	0.00112834578023723	0.0931860917153532	0.472337302916446	0.0140360953326696	0.00247921396961003	0.00431469110796586	5.00641756450735e-05	0.0057166628963237	9.46173091047177e-05	0.00111453824879544	0.000144030097691106	0.00451459288733444	0.0337787470101766
4_Transposome/JG_CO_223_F	0.00115161474436008	0.0916268993347772	0.460461269418717	0.0136970186910751	0.0023983245727318	0.00400109365837466	5.0119853384384e-05	0.00549247594924619	7.57070395536755e-05	0.00097357136034676	0.000142910331017853	0.00446788508706404	0.0332330477216993
4_Transposome/JG_CO_224_A	0.00126824873883099	0.0943329787331763	0.468680082943647	0.0131896897754464	0.00246156552734471	0.00415114705671105	4.90631343495425e-05	0.00548371089650422	8.52481942334827e-05	0.00134248572957594	0.000141852263769374	0.0044921153147897	0.0340403699524256
4_Transposome/JG_CO_224_B	0.00110516809612005	0.0797041044203426	0.435465895873378	0.014115188981038	0.00247899898757535	0.00400455654733131	3.98850929669277e-05	0.00538563121201822	6.77137080375463e-05	0.000921874355667003	0.000142946390516406	0.0045589782198235	0.0306136135671809
4_Transposome/JG_CO_224_C	0.00147950437795578	0.0882016187148911	0.459527599431738	0.0148137620614258	0.0026300267824607	0.00412928523208942	4.70125085770268e-05	0.00558075697041896	8.52122326952398e-05	0.00117973186937261	0.000156560571036226	0.00475806542874608	0.0320868661656235
4_Transposome/JG_CO_224_E	0.00101825433699003	0.0863275100820898	0.445344655013363	0.0129698971600337	0.00223421776173599	0.0037396007427182	6.93362986830681e-05	0.00522267323936427	8.60555598798074e-05	0.000770270403564392	0.000143918394439844	0.00427340430089703	0.0319656076201891
4_Transposome/JG_CO_224_F	0.00109920495247497	0.0882528765437071	0.449133496511412	0.0126002013697346	0.00230063061237592	0.00377898506402848	5.74568728566527e-05	0.00515816154413514	9.12747931990659e-05	0.00100773601874997	0.000119150216743029	0.00417507508035872	0.0340631404145798
4_Transposome/JG_CO_225_A	0.00131420969872077	0.0769053211825616	0.418604645821569	0.0147771139160389	0.00282494899852276	0.00369853284823667	5.48144309897567e-05	0.00561429364868962	9.23658426187743e-05	0.000900682292609993	0.000154221018255384	0.00468966019475456	0.0352183924892113
4_Transposome/JG_CO_225_D	0.00125342447471033	0.0899214532429501	0.480428633874159	0.0169251842273054	0.00277973722080301	0.0044205819960876	4.58451919483427e-05	0.0061049417247538	0.000102382059443273	0.00104797506752429	0.000178725380634678	0.0051212025130165	0.0367216035784244
4_Transposome/JG_CO_225_F	0.00112705327560244	0.0961809607138559	0.464893179894915	0.0121236845634829	0.00269885028155176	0.00380067084440562	6.07538970217352e-05	0.00558313312204653	0.000106494592733291	0.00087308265475979	0.000134218032336217	0.00439494614358997	0.0386759787551594
4_Transposome/JG_CO_229_A	0.00176787612704271	0.0786353270789128	0.42634016214265	0.0150193691468029	0.00256108365759391	0.00380523155007355	5.22202710826301e-05	0.00563250107583891	7.51480596664409e-05	0.00116001258925206	0.000140523999674562	0.00450212544939653	0.0301919551722074
4_Transposome/JG_CO_229_C	0.001807834886164	0.0802089554623202	0.417733473887475	0.0149600998264688	0.0027036612794277	0.00380482438192144	5.96190295712451e-05	0.00543117892608837	8.17709225150128e-05	0.000907606682356911	0.000143775600143379	0.00460377697719124	0.0329907221402867
4_Transposome/JG_CO_229_D	0.00157254078910651	0.0770545866506439	0.415550615931205	0.015850494401156	0.00292586848862282	0.00381189326938313	4.83300693742456e-05	0.00552134735849757	9.05991127456987e-05	0.000907764374708967	0.000142831634874202	0.00501752101367813	0.0353215282967265
4_Transposome/JG_CO_229_E	0.00192721147375274	0.0729889574638238	0.415571862571972	0.0156259651502518	0.00267195478995964	0.00372722439136388	6.79714613503568e-05	0.0052446419079108	8.58771446364585e-05	0.00107584386875995	0.000132304237739872	0.00479900369473601	0.0343954916297307
4_Transposome/JG_CO_230_A	0.0011573436886824	0.0889663005784196	0.460398657968856	0.0129389447716556	0.0022866833419208	0.00391419677370291	4.96774563637255e-05	0.00520072979201973	7.76468185553323e-05	0.00107701838688061	0.000139726540799002	0.00427042201110604	0.0325398148502313
4_Transposome/JG_CO_230_B	0.00101377536846597	0.0940424649284106	0.446088515012451	0.0116384091435918	0.00254041371378198	0.00383334996917813	4.91278797617709e-05	0.00520443210058765	0.000101138254032666	0.00085158618927811	0.000147266804875009	0.00418544054113544	0.0417736615077858
4_Transposome/JG_CO_230_C	0.00156354688297465	0.0838702828603962	0.437655952403991	0.012314259317563	0.00236766637265363	0.00365515999267243	5.56248359906984e-05	0.00524032398274433	8.84722358808456e-05	0.000676880681733076	0.000140907829311289	0.00415203111940635	0.0316796804254646
4_Transposome/JG_CO_230_E	0.00163587548973361	0.0892598889491985	0.491354807645747	0.0164320289237405	0.002622501626997	0.00449371761606739	5.37073453386639e-05	0.00568265780441354	8.66180464905605e-05	0.00153791184414432	0.000168821477362787	0.0051163836700049	0.0333145795548768
4_Transposome/JG_CO_230_F	0.000956245063257377	0.103580308388435	0.498029278524355	0.0116796985281546	0.00284336721077747	0.00401556400323713	5.46711424699331e-05	0.00573693495587185	0.000119175455620674	0.000970622270912306	0.000130051580175839	0.00427093719321113	0.0425935075995258
4_Transposome/JG_CO_232_A	0.00123867074614737	0.0921103550755609	0.46532090233775	0.0144408323971342	0.00240083914338847	0.00437353263444599	4.92439221637417e-05	0.00548396745630068	8.03805306802196e-05	0.00137395815707782	0.000157710167239387	0.00459100361870814	0.0336735038100896
4_Transposome/JG_CO_232_B	0.00114257080087478	0.088834301646705	0.449254590822606	0.0137280244319006	0.00232269210468863	0.00407388555508047	4.73644964991437e-05	0.00546061830637196	9.11494433441496e-05	0.00122558366166453	0.00014707358829529	0.00451423111217053	0.0308977198107249
4_Transposome/JG_CO_232_C	0.000963575094303755	0.0889821513180235	0.449576069275657	0.012297575767936	0.00228694800025595	0.00373846977610795	5.70919195540353e-05	0.00523496229989576	9.33097954428744e-05	0.000884916808069871	0.000138561144242359	0.00426216523211894	0.0317933035667537
4_Transposome/JG_CO_232_F	0.00150918906477035	0.0882952139614467	0.471734729518275	0.0163625491268408	0.00262435833158638	0.00431435882058592	4.21950515965227e-05	0.00597948126630898	7.5356162300112e-05	0.00126202716464257	0.00016131700514693	0.00507730433240246	0.030968891017426
4_Transposome/JG_CO_235_A	0.00171919261879889	0.0885300059275849	0.432991711427891	0.0129679451267259	0.00246732025229796	0.0037106870860591	5.36105299466997e-05	0.00494830223034819	6.7135994208425e-05	0.000892552732602839	0.000151400192987957	0.00424832046881416	0.0339188824265119
4_Transposome/JG_CO_235_B	0.00105980575731976	0.0867875117481286	0.433839038563911	0.0117589045427402	0.00227757570540754	0.00365239218682106	4.84093888670983e-05	0.00503075696108146	8.60233235653095e-05	0.000656074677820276	0.000125472488277569	0.00395536910426194	0.0322190169550261
4_Transposome/JG_CO_235_C	0.00174802804183921	0.0887298490449951	0.434090734304431	0.0105130250936455	0.00218079473683801	0.00348115657933052	5.28562985615572e-05	0.0049269617210876	8.12584382049365e-05	0.000584235574296021	0.000106550064108348	0.00363566676243169	0.0332507517921646
4_Transposome/JG_CO_235_D	0.00137192842434652	0.0928622897763174	0.439810185761657	0.0111770971417564	0.00214174650384071	0.00368146967569607	5.2685630227517e-05	0.00507231040542312	8.22886785854106e-05	0.000456237421938358	0.000125401889751287	0.00398743243852298	0.0328098041770067
4_Transposome/JG_CO_235_E	0.00148045050230311	0.0905453289410857	0.442560972584669	0.010414089581521	0.00223809732721879	0.00365491629112477	4.8764183302698e-05	0.00481822305046455	8.63906119478187e-05	0.000780635975252041	0.000134220669437039	0.00370357800867274	0.0350922984989017
4_Transposome/JG_CO_239_A	0.00112764051176783	0.0878962629972439	0.429206424156928	0.0111552070412563	0.00222610089052561	0.00363016879078409	4.60624551098529e-05	0.00477528443549413	8.28613435931967e-05	0.00098197618161357	0.000137364717106234	0.00387470479449001	0.0335809492305386
4_Transposome/JG_CO_239_B	0.000971347178753942	0.0920362319566249	0.439686414617731	0.0112122071450005	0.00244530162340857	0.00373053780858194	6.03430453327244e-05	0.0050303586316421	8.71311776607743e-05	0.00087534106551164	0.0001350105517883	0.00395984589119595	0.0361343360513869
4_Transposome/JG_CO_239_C	0.00148648426026275	0.0820875133560444	0.446974416749748	0.013977175788816	0.00248284577578082	0.00386772904518403	4.40107210203853e-05	0.00520574761786889	6.84366543280792e-05	0.00126289245409267	0.000156494219136214	0.00442586065613416	0.0313428930100561
4_Transposome/JG_CO_241_A	0.00107539181701513	0.0871795207336362	0.429763868462996	0.0109593489748018	0.00229567905054164	0.0037086873383912	5.82741726262804e-05	0.00485427640658673	8.6688671492037e-05	0.00136588311315925	0.000121835091284949	0.00377690826201136	0.0354569263491617
4_Transposome/JG_CO_241_C	0.0013861453156953	0.0888531855701572	0.433651426492275	0.011403518556226	0.00233986031407691	0.00381536601367487	5.40273799565271e-05	0.00498306969924575	7.2007872101771e-05	0.000813394855568026	0.000112313042458945	0.00394556260440321	0.0354112049482391
4_Transposome/JG_CO_241_E	0.00139675425790979	0.0902945514803191	0.435198777514672	0.0113987048256301	0.00221667031931958	0.00367656912082835	4.74684598434898e-05	0.00514920349826358	9.03397612288571e-05	0.000829758507629476	0.000150070570330421	0.00385776743255038	0.03415318734909
4_Transposome/JG_CO_241_F	0.000942013812633921	0.0914724859786121	0.436212109205651	0.0107118690752627	0.00212639752841909	0.00360853870009666	5.23224706337374e-05	0.00512062230971023	9.6503165003925e-05	0.000878804060295692	0.000140263549423383	0.00384638671475229	0.0365142612165489
4_Transposome/JG_CO_242_A	0.00141416566645194	0.0901204295048836	0.430631780325127	0.0110918737524341	0.00218379309477404	0.00388910839587568	5.88085830590178e-05	0.00504243245452823	9.02125666821707e-05	0.000129565915768442	0.000122610739057439	0.00375466029052713	0.0339698050983809
4_Transposome/JG_CO_242_C	0.000872222078143478	0.0911322791037499	0.434202554267998	0.0108908196015903	0.00228916164599029	0.00362509597178606	5.1685322387114e-05	0.00503634972885276	8.51432481807421e-05	0.000779582730836205	0.000139585897156039	0.00384996530178297	0.0346110551004407
4_Transposome/JG_CO_242_D	0.00089305194110537	0.0858510845445561	0.460951693301221	0.0153238453350831	0.00261559023542823	0.00417442230228911	4.61217847032346e-05	0.00580333312068327	7.6646349733306e-05	0.00108890045450325	0.00015364248812445	0.00470982256604087	0.0318142972477563
4_Transposome/JG_CO_242_E	0.000741708675064592	0.0884913530689244	0.43128555444121	0.0110278384192427	0.00213562387633696	0.00354265997949795	5.80945721597563e-05	0.00511691683698942	8.84354550073606e-05	0.00109679003066786	0.000124866207028485	0.00383394322688381	0.0345137536748085
4_Transposome/JG_CO_243_A	0.00109037187354048	0.0875650407799848	0.431143494055697	0.0105749322493816	0.00209388811709937	0.00334149820607375	4.64567867190311e-05	0.00492870720144129	8.60105759717995e-05	0.0010613640650587	0.000126416279865347	0.00372673028634575	0.0330965599205381
4_Transposome/JG_CO_243_B	0.00142168162159809	0.0870792326246245	0.430373403328647	0.0101468625575037	0.00206872143372731	0.00351652918985899	4.51265050057375e-05	0.0048008393862345	7.83826311328024e-05	0.000823046732731887	0.000109303849306199	0.00361519821188146	0.0353680484884387
4_Transposome/JG_CO_243_C	0.00118747631771999	0.0904587717215137	0.429834514911201	0.0108870266318296	0.00224815692177589	0.0037074138574823	4.5396721732667e-05	0.00509207521177738	9.56899449130438e-05	0.000587817989371227	0.000142054505941944	0.00383952956573217	0.0371959172860578
4_Transposome/JG_CO_243_D	0.00111725184831647	0.0900203329867517	0.435492698539088	0.0109441578432055	0.00224985107757922	0.00379131835906195	5.3296227054139e-05	0.00495497914352929	9.22843654670435e-05	0.00107954053046312	0.000133288072315786	0.00369049461359675	0.0348695351352785
4_Transposome/JG_CO_243_E	0.00176995363853476	0.0895006383245411	0.433292346744245	0.0111059398298471	0.00216728245937572	0.00378452830168656	4.95969400414235e-05	0.00486729859511586	8.71746868830668e-05	0.00135467953094941	0.000134927916740871	0.00394018403944444	0.037550553912126
4_Transposome/JG_CO_243_F	0.00149882131926627	0.0881491198834583	0.432753503961105	0.0119542508224812	0.00224515464120794	0.00386913391698317	5.64587355665502e-05	0.00498814934142267	8.57891829729793e-05	0.00122754821601771	0.000153989824090726	0.00394152412594597	0.0354874651663439
4_Transposome/JG_CO_244_A	0.0010045857154491	0.0901398674215097	0.491776848758072	0.0171416429849322	0.00270685198284454	0.00439887639491521	6.0998208693461e-05	0.00617736521762105	7.82227308197813e-05	0.00154955605263	0.000164457302732507	0.00527312220449157	0.0310690358184476
4_Transposome/JG_CO_244_B	0.000930171228417576	0.0815714979974013	0.427966812907027	0.0128739869419837	0.00230300643984292	0.00384162893223344	4.91670394729791e-05	0.00473485900288558	6.9442633578098e-05	0.00115829476292101	0.000128339547110147	0.00421157002261847	0.0297564225416507
4_Transposome/JG_CO_244_C	0.00119177432033236	0.0865396573376975	0.421876833296124	0.0116693380442667	0.00225746692895503	0.00373834103982862	4.90972035583663e-05	0.00498573289966458	8.14680468175701e-05	0.00110769746822425	0.000139924994848387	0.00391916881845072	0.0334851820204901
4_Transposome/JG_CO_244_E	0.00104593032277521	0.0878720504292671	0.426944254057842	0.011376989961039	0.00222483186655739	0.00375850923001715	5.72844459032507e-05	0.00490811569401577	7.41696272841417e-05	0.000936624972675365	0.000124159688192778	0.00394647215895932	0.0354611849064099
4_Transposome/JG_CO_244_F	0.001275915794033	0.0847589847656021	0.426472201421981	0.0116973187295506	0.00224335566654939	0.0038246789667472	4.21700815924922e-05	0.00454522185684053	8.05100088340069e-05	0.00118879475351485	0.000130204447686744	0.00389316023508341	0.0350412827471072
4_Transposome/JG_CO_245_A	0.00103276432530611	0.0881302631629322	0.426587410006474	0.0113669733763574	0.00235157923187679	0.00377856195776551	5.00706893527596e-05	0.00485273966353058	9.92739338959444e-05	0.000812270522424359	0.000143458335638387	0.00394978576259355	0.0349156681949706
4_Transposome/JG_CO_245_B	0.00147876161756945	0.085155844306279	0.417957353210757	0.0116386791762036	0.00230205173426621	0.00363768617320175	6.00654758936005e-05	0.00492293372645785	8.30667837619876e-05	0.000869405741597417	0.000126202311666527	0.00409358388139139	0.0331370644685959
4_Transposome/JG_CO_245_E	0.0014369788822954	0.0839951446181832	0.440103533213344	0.0137438400549412	0.00269689179741021	0.00383059615393799	6.15703625997481e-05	0.00528848154011389	8.71070032738807e-05	0.000901341934318331	0.000146959897517329	0.00444665124334302	0.0355077172964658
4_Transposome/JG_CO_246_A1	0.00115848897321901	0.076347615715936	0.426124456372724	0.0153223756033383	0.00284692783391	0.00377735769976491	5.19054436084059e-05	0.00550342035067571	8.19026645539829e-05	0.000826322515033356	0.000154057069183409	0.00488104313088393	0.0345590957854314
4_Transposome/JG_CO_246_B	0.00123422277427735	0.0752395239629991	0.427567243562995	0.0148372806358886	0.00274887192148924	0.0035354436460251	4.52021522649162e-05	0.00541608721199796	8.37539372766327e-05	0.000861570901852357	0.000136585022548882	0.00476966600192674	0.0350907700217088
4_Transposome/JG_CO_246_C2	0.00109811780730486	0.0881830582739963	0.474160358058301	0.0145618220041944	0.00267704744355331	0.00413344245067718	5.58282641848902e-05	0.00582057568046206	8.84429106946771e-05	0.00121080001252182	0.00015058105097222	0.00485362218287014	0.0333934038601482
